0.000000 8.176805 0.000000 
0.246666 7.849034 0.000000 
0.452291 7.188956 0.000000 
0.611263 6.466482 0.000000 
0.734320 5.812739 0.000000 
0.917928 5.795568 0.000000 
1.087405 5.700377 0.000000 
1.221498 5.464665 0.000000 
1.373054 5.347690 0.000000 
1.494815 5.145186 0.000000 
1.651343 5.082310 0.000000 
1.814969 5.041271 0.000000 
1.976295 4.991549 0.000000 
2.127431 4.916202 0.000000 
2.278460 4.841972 0.000000 
2.430754 4.770623 0.000000 
2.597722 4.725238 0.000000 
2.745293 4.642036 0.000000 
2.876403 4.532485 0.000000 
3.033939 4.464304 0.000000 
3.144600 4.328169 0.000000 
3.282351 4.231580 0.000000 
3.411847 4.124213 0.000000 
3.535986 4.010787 0.000000 
3.664016 3.901779 0.000000 
3.785228 3.785227 0.000000 
3.978586 3.736139 0.000000 
4.145253 3.654531 0.000000 
4.380406 3.623785 0.000000 
4.493148 3.485241 0.000000 
4.959368 3.603190 0.000000 
5.230196 3.554435 0.000000 
5.765839 3.659111 0.000000 
6.253373 3.698232 0.000000 
7.044679 3.872842 0.000000 
7.141269 3.638656 0.000000 
7.138808 3.359265 0.000000 
8.379795 3.626258 0.000000 
8.883092 3.517061 0.000000 
9.039294 3.254343 0.000000 
9.386366 3.049811 0.000000 
10.812642 3.141358 0.000000 
10.337333 2.654171 0.000000 
9.472580 2.117368 0.000000 
9.179802 1.751137 0.000000 
9.258126 1.466339 0.000000 
9.453259 1.194220 0.000000 
9.118911 0.861986 0.000000 
7.807086 0.491176 0.000000 
7.834425 0.246203 0.000000 
0.000000 8.002143 0.080000 
0.249222 7.930377 0.080000 
0.431654 6.860949 0.080000 
0.571900 6.050072 0.080000 
0.768525 6.083498 0.080000 
0.961873 6.073027 0.080000 
1.152157 6.039816 0.080000 
1.238972 5.542843 0.080000 
1.430306 5.570675 0.080000 
1.494029 5.142480 0.080000 
1.653127 5.087801 0.080000 
1.814361 5.039579 0.080000 
1.971020 4.978228 0.080000 
2.126754 4.914637 0.080000 
2.275533 4.835752 0.080000 
2.430022 4.769186 0.080000 
2.581964 4.696574 0.080000 
2.727921 4.612661 0.080000 
2.867746 4.518844 0.080000 
3.012533 4.432806 0.080000 
3.146344 4.330570 0.080000 
3.276766 4.224380 0.080000 
3.409827 4.121772 0.080000 
3.534536 4.009142 0.080000 
3.661274 3.898860 0.080000 
3.790831 3.790829 0.080000 
4.123678 3.872390 0.080000 
4.279239 3.772655 0.080000 
4.665590 3.859710 0.080000 
4.856598 3.767161 0.080000 
4.929474 3.581471 0.080000 
5.572057 3.786763 0.080000 
6.023200 3.822436 0.080000 
6.839044 4.044597 0.080000 
7.050285 3.875924 0.080000 
6.941990 3.537118 0.080000 
7.179163 3.378255 0.080000 
8.115620 3.511939 0.080000 
8.732316 3.457365 0.080000 
9.049037 3.257850 0.080000 
8.963977 2.912569 0.080000 
10.820861 3.143746 0.080000 
10.827623 2.780056 0.080000 
9.219601 2.060821 0.080000 
.296331 1.773366 0.080000 
9.322508 1.476536 0.080000 
9.243793 1.167758 0.080000 
9.562911 0.903957 0.080000 
7.931090 0.498978 0.080000 
8.328617 0.261733 0.080000 
0.000000 8.086629 0.160000 
0.247281 7.868598 0.160000 
0.434008 6.898364 0.160000 
0.575116 6.084092 0.160000 
0.764168 6.049012 0.160000 
0.957433 6.044991 0.160000 
1.157710 6.068930 0.160000 
1.254621 5.612853 0.160000 
1.395051 5.433363 0.160000 
1.496976 5.152626 0.160000 
1.653781 5.089813 0.160000 
1.813812 5.038056 0.160000 
1.970379 4.976607 0.160000 
2.125900 4.912664 0.160000 
2.281057 4.847493 0.160000 
2.428493 4.766185 0.160000 
2.578223 4.689769 0.160000 
2.725145 4.607968 0.160000 
2.869006 4.520829 0.160000 
3.012452 4.432687 0.160000 
3.144007 4.327353 0.160000 
3.276551 4.224102 0.160000 
3.407818 4.119343 0.160000 
3.536424 4.011284 0.160000 
3.660181 3.897695 0.160000 
3.846336 3.846335 0.160000 
4.081047 3.832357 0.160000 
4.278974 3.772421 0.160000 
4.422206 3.658365 0.160000 
4.657242 3.612525 0.160000 
4.901809 3.561371 0.160000 
5.101116 3.466713 0.160000 
5.723058 3.631961 0.160000 
5.805302 3.433244 0.160000 
5.927948 3.258914 0.160000 
6.841891 3.486115 0.160000 
7.135467 3.357693 0.160000 
7.240802 3.133372 0.160000 
8.348958 3.305583 0.160000 
8.944276 3.220134 0.160000 
9.016829 2.929742 0.160000 
9.094672 2.642242 0.160000 
9.077432 2.330684 0.160000 
9.216318 2.060087 0.160000 
9.408349 1.794734 0.160000 
9.300970 1.473125 0.160000 
9.574439 1.209528 0.160000 
9.071195 0.857476 0.160000 
7.957372 0.500632 0.160000 
7.960377 0.250161 0.160000 
0.000000 7.835863 0.240000 
0.252714 8.041483 0.240000 
0.424812 6.752188 0.240000 
0.584001 6.178087 0.240000 
0.767298 6.073787 0.240000 
0.951178 6.005500 0.240000 
1.117891 5.860191 0.240000 
1.237947 5.538257 0.240000 
1.369103 5.332304 0.240000 
1.520506 5.233614 0.240000 
1.655364 5.094686 0.240000 
1.816674 5.046007 0.240000 
1.973877 4.985443 0.240000 
2.170586 5.015928 0.240000 
2.280194 4.845658 0.240000 
2.430064 4.769269 0.240000 
2.574408 4.682829 0.240000 
2.727812 4.612477 0.240000 
2.871158 4.524220 0.240000 
3.014867 4.436241 0.240000 
3.146538 4.330837 0.240000 
3.279916 4.228441 0.240000 
3.406526 4.117781 0.240000 
3.539922 4.015251 0.240000 
3.663170 3.900878 0.240000 
3.858168 3.858166 0.240000 
4.152246 3.899217 0.240000 
4.272153 3.766408 0.240000 
4.547167 3.761742 0.240000 
4.686941 3.635562 0.240000 
4.898736 3.559138 0.240000 
5.018927 3.410857 0.240000 
5.452763 3.460426 0.240000 
5.834317 3.450403 0.240000 
5.909545 3.248797 0.240000 
6.470506 3.296885 0.240000 
6.254982 2.943368 0.240000 
7.269177 3.145651 0.240000 
7.348273 2.909384 0.240000 
7.454690 2.683850 0.240000 
9.042626 2.938124 0.240000 
8.937823 2.596674 0.240000 
9.176452 2.356108 0.240000 
9.240984 2.065600 0.240000 
9.191190 1.753309 0.240000 
9.305935 1.473911 0.240000 
9.301265 1.175019 0.240000 
9.438779 0.892223 0.240000 
9.223720 0.580303 0.240000 
8.748405 0.274925 0.240000 
0.000000 7.930558 0.320000 
0.246169 7.833212 0.320000 
0.423230 6.727052 0.320000 
0.639735 6.767688 0.320000 
0.763256 6.041790 0.320000 
0.952744 6.015386 0.320000 
1.092656 5.727901 0.320000 
1.236067 5.529847 0.320000 
1.351012 5.261846 0.320000 
1.518730 5.227504 0.320000 
1.653655 5.089425 0.320000 
1.811864 5.032645 0.320000 
2.018687 5.098619 0.320000 
2.162960 4.998306 0.320000 
2.282720 4.851026 0.320000 
2.431813 4.772700 0.320000 
2.574365 4.682752 0.320000 
2.723084 4.604483 0.320000 
2.866035 4.516148 0.320000 
3.009156 4.427838 0.320000 
3.144320 4.327783 0.320000 
3.276631 4.224205 0.320000 
3.410820 4.122972 0.320000 
3.540357 4.015746 0.320000 
3.662432 3.900092 0.320000 
3.857077 3.857076 0.320000 
4.118772 3.867783 0.320000 
4.527954 3.991927 0.320000 
4.682868 3.874004 0.320000 
4.832407 3.748397 0.320000 
4.926309 3.579171 0.320000 
5.056349 3.436289 0.320000 
5.252057 3.333055 0.320000 
5.905783 3.492668 0.320000 
5.901505 3.244377 0.320000 
6.048556 3.081891 0.320000 
6.190013 2.912796 0.320000 
6.913307 2.991652 0.320000 
7.440205 2.945783 0.320000 
7.487562 2.695685 0.320000 
9.145262 2.971472 0.320000 
8.966325 2.604954 0.320000 
8.986374 2.307305 0.320000 
8.805917 1.968351 0.320000 
8.875719 1.693130 0.320000 
9.254846 1.465819 0.320000 
8.012613 1.012225 0.320000 
8.022515 0.758347 0.320000 
8.131772 0.511604 0.320000 
7.940355 0.249532 0.320000 
0.000000 8.137364 0.400000 
0.251792 8.012150 0.400000 
0.473905 7.532504 0.400000 
0.637171 6.740561 0.400000 
0.844268 6.683067 0.400000 
0.949883 5.997327 0.400000 
1.143430 5.994068 0.400000 
1.240378 5.549131 0.400000 
1.381965 5.382399 0.400000 
1.519587 5.230453 0.400000 
1.659105 5.106198 0.400000 
1.813128 5.036155 0.400000 
1.977906 4.995619 0.400000 
2.166539 5.006575 0.400000 
2.279179 4.843501 0.400000 
2.429797 4.768745 0.400000 
2.578557 4.690377 0.400000 
2.723010 4.604357 0.400000 
2.866919 4.517540 0.400000 
3.007069 4.424766 0.400000 
3.142551 4.325349 0.400000 
3.279740 4.228214 0.400000 
3.415045 4.128079 0.400000 
3.540385 4.015778 0.400000 
3.669189 3.907288 0.400000 
3.845565 3.845564 0.400000 
4.133691 3.881793 0.400000 
4.525960 3.990169 0.400000 
4.660183 3.855237 0.400000 
4.838284 3.752956 0.400000 
4.932649 3.583777 0.400000 
5.590068 3.799004 0.400000 
5.465616 3.468583 0.400000 
5.645664 3.338834 0.400000 
5.573301 3.063946 0.400000 
5.973254 3.043523 0.400000 
6.095836 2.868480 0.400000 
6.238766 2.699752 0.400000 
6.601972 2.613903 0.400000 
7.320415 2.635509 0.400000 
7.634667 2.480650 0.400000 
7.545790 2.192251 0.400000 
7.606196 1.952936 0.400000 
7.700887 1.721349 0.400000 
7.869126 1.501112 0.400000 
7.786477 1.233253 0.400000 
7.754839 0.979660 0.400000 
7.906532 0.747383 0.400000 
8.531359 0.536743 0.400000 
7.879646 0.247624 0.400000 
0.000000 7.960544 0.480000 
0.248131 7.895661 0.480000 
0.487634 7.750721 0.480000 
0.740405 7.832666 0.480000 
0.989459 7.832372 0.480000 
1.231528 7.775560 0.480000 
1.487205 7.796203 0.480000 
1.731084 7.744426 0.480000 
1.981580 7.717744 0.480000 
2.206667 7.595397 0.480000 
2.499706 7.693302 0.480000 
2.918061 8.105226 0.480000 
3.039522 7.676954 0.480000 
3.355526 7.754161 0.480000 
3.520152 7.480701 0.480000 
3.761976 7.383292 0.480000 
4.128506 7.509722 0.480000 
4.218153 7.132506 0.480000 
4.401253 6.935263 0.480000 
4.602740 6.772724 0.480000 
4.832739 6.651692 0.480000 
5.149415 6.638584 0.480000 
5.347445 6.463949 0.480000 
5.555176 6.301108 0.480000 
5.763687 6.137701 0.480000 
5.992283 5.992280 0.480000 
5.818572 5.464000 0.480000 
6.131535 5.405673 0.480000 
6.066800 5.018891 0.480000 
6.285115 4.875233 0.480000 
6.622666 4.811646 0.480000 
6.613181 4.494310 0.480000 
6.683404 4.241415 0.480000 
6.850895 4.051606 0.480000 
7.069411 3.886439 0.480000 
7.482193 3.812365 0.480000 
7.161171 3.369788 0.480000 
7.366165 3.187621 0.480000 
7.642092 3.025715 0.480000 
7.597621 2.735309 0.480000 
7.834793 2.545675 0.480000 
7.966550 2.314493 0.480000 
7.950733 2.041398 0.480000 
8.108089 1.812369 0.480000 
8.011269 1.528228 0.480000 
8.143182 1.289750 0.480000 
7.984552 1.008680 0.480000 
7.974205 0.753780 0.480000 
7.982562 0.502216 0.480000 
8.037644 0.252589 0.480000 
0.000000 7.277432 0.560000 
0.225316 7.169656 0.560000 
0.439703 6.988885 0.560000 
0.671250 7.101083 0.560000 
0.876621 6.939170 0.560000 
1.077077 6.800399 0.560000 
1.324389 6.942690 0.560000 
1.533319 6.859677 0.560000 
1.690985 6.585950 0.560000 
1.903511 6.551927 0.560000 
2.251082 6.928117 0.560000 
2.371450 6.586954 0.560000 
2.732597 6.901752 0.560000 
2.888991 6.676063 0.560000 
3.127414 6.646092 0.560000 
3.469811 6.809885 0.560000 
3.473545 6.318353 0.560000 
3.692501 6.243678 0.560000 
3.858575 6.080140 0.560000 
4.386051 6.453876 0.560000 
4.248147 5.847070 0.560000 
4.580310 5.904898 0.560000 
4.583169 5.540098 0.560000 
5.023303 5.697817 0.560000 
4.866007 5.181769 0.560000 
5.217024 5.217022 0.560000 
5.225415 4.906990 0.560000 
5.368800 4.733232 0.560000 
5.516347 4.563517 0.560000 
5.548018 4.303482 0.560000 
6.247376 4.538982 0.560000 
6.263722 4.256819 0.560000 
5.922051 3.758246 0.560000 
6.663079 3.940531 0.560000 
6.514325 3.581278 0.560000 
6.330999 3.225803 0.560000 
6.732231 3.167945 0.560000 
6.522838 2.822681 0.560000 
6.518768 2.580960 0.560000 
6.832694 2.459918 0.560000 
6.741131 2.190323 0.560000 
6.773504 1.967882 0.560000 
7.124613 1.829287 0.560000 
7.131472 1.594070 0.560000 
7.542820 1.438866 0.560000 
7.502447 1.188267 0.560000 
7.515814 0.949464 0.560000 
7.258498 0.686127 0.560000 
7.456152 0.469098 0.560000 
7.083583 0.222607 0.560000 
0.000000 6.966579 0.640000 
0.227272 7.231919 0.640000 
0.433219 6.885826 0.640000 
0.653974 6.918324 0.640000 
0.870733 6.892558 0.640000 
1.096341 6.922023 0.640000 
1.286830 6.745800 0.640000 
1.548737 6.928650 0.640000 
1.688008 6.574355 0.640000 
1.923885 6.622054 0.640000 
2.136761 6.576273 0.640000 
2.320897 6.446538 0.640000 
2.537551 6.409122 0.640000 
2.746517 6.346826 0.640000 
2.898774 6.160208 0.640000 
3.067283 6.019881 0.640000 
3.371333 6.132431 0.640000 
3.514382 5.942494 0.640000 
3.673152 5.787961 0.640000 
3.810414 5.606852 0.640000 
3.956984 5.446320 0.640000 
4.149755 5.349830 0.640000 
4.397300 5.315421 0.640000 
4.624198 5.245121 0.640000 
4.667593 4.970480 0.640000 
4.947047 4.947046 0.640000 
4.925110 4.624984 0.640000 
5.167980 4.556185 0.640000 
5.387785 4.457161 0.640000 
5.465824 4.239725 0.640000 
5.586841 4.059075 0.640000 
5.666102 3.850677 0.640000 
5.728083 3.635150 0.640000 
5.924821 3.503927 0.640000 
6.041329 3.321246 0.640000 
6.086926 3.101441 0.640000 
6.174273 2.905390 0.640000 
6.169210 2.669653 0.640000 
6.409954 2.537878 0.640000 
6.499143 2.339833 0.640000 
6.478222 2.104899 0.640000 
6.481555 1.883063 0.640000 
6.585951 1.690982 0.640000 
6.541687 1.462237 0.640000 
6.805530 1.298221 0.640000 
7.143403 1.131400 0.640000 
6.829110 0.862714 0.640000 
6.821193 0.644789 0.640000 
6.808511 0.428352 0.640000 
6.843842 0.215073 0.640000 
0.000000 6.708868 0.720000 
0.212910 6.774895 0.720000 
0.431821 6.863603 0.720000 
0.635032 6.717931 0.720000 
0.853937 6.759605 0.720000 
1.085521 6.853708 0.720000 
1.271869 6.667373 0.720000 
1.502535 6.721954 0.720000 
1.700878 6.624484 0.720000 
1.903028 6.550266 0.720000 
2.091972 6.438428 0.720000 
2.289745 6.360011 0.720000 
2.512612 6.346131 0.720000 
2.708989 6.260102 0.720000 
2.914660 6.193966 0.720000 
3.097504 6.079192 0.720000 
3.274480 5.956255 0.720000 
3.459519 5.849726 0.720000 
.675980 5.792416 0.720000 
3.808029 5.603343 0.720000 
4.012912 5.523298 0.720000 
4.212897 5.431232 0.720000 
4.265949 5.156645 0.720000 
4.517763 5.124394 0.720000 
4.623834 4.923882 0.720000 
4.759084 4.759082 0.720000 
5.006150 4.701086 0.720000 
5.050390 4.452516 0.720000 
5.282632 4.370172 0.720000 
5.390416 4.181233 0.720000 
5.491285 3.989650 0.720000 
5.653814 3.842326 0.720000 
5.743242 3.644770 0.720000 
5.824111 3.444367 0.720000 
5.975867 3.285258 0.720000 
6.063816 3.089666 0.720000 
6.133904 2.886393 0.720000 
6.185991 2.676915 0.720000 
6.372089 2.522886 0.720000 
6.390339 2.300661 0.720000 
6.475765 2.104101 0.720000 
6.489620 1.885406 0.720000 
6.522943 1.674804 0.720000 
6.682317 1.493672 0.720000 
6.818911 1.300774 0.720000 
6.691437 1.059816 0.720000 
6.694670 0.845730 0.720000 
6.760026 0.639007 0.720000 
6.754718 0.424967 0.720000 
6.774046 0.212880 0.720000 
0.000000 6.838483 0.800000 
0.211197 6.720406 0.800000 
0.446033 7.089490 0.800000 
0.636217 6.730474 0.800000 
0.843538 6.677289 0.800000 
1.057704 6.678078 0.800000 
1.254352 6.575543 0.800000 
1.503702 6.727175 0.800000 
1.648762 6.421504 0.800000 
1.884705 6.487195 0.800000 
2.106769 6.483968 0.800000 
2.288605 6.356844 0.800000 
2.504985 6.326869 0.800000 
2.670643 6.171490 0.800000 
2.888569 6.138520 0.800000 
3.090841 6.066115 0.800000 
3.268310 5.945032 0.800000 
3.480184 5.884669 0.800000 
3.635609 5.728801 0.800000 
3.803747 5.597042 0.800000 
3.985148 5.485084 0.800000 
4.123560 5.316059 0.800000 
4.320072 5.222068 0.800000 
4.543858 5.153993 0.800000 
4.617522 4.917160 0.800000 
4.779189 4.779188 0.800000 
4.996522 4.692045 0.800000 
5.057267 4.458578 0.800000 
5.349505 4.425493 0.800000 
5.343823 4.145092 0.800000 
5.545902 4.029331 0.800000 
5.601942 3.807074 0.800000 
5.720192 3.630142 0.800000 
5.875690 3.474871 0.800000 
5.927948 3.258914 0.800000 
6.056172 3.085771 0.800000 
6.153214 2.895480 0.800000 
6.179872 2.674267 0.800000 
6.271684 2.483133 0.800000 
6.439126 2.318226 0.800000 
6.390708 2.076464 0.800000 
6.465518 1.878404 0.800000 
6.455529 1.657495 0.800000 
6.560988 1.466552 0.800000 
6.647362 1.268049 0.800000 
6.702350 1.061545 0.800000 
6.921703 0.874411 0.800000 
6.730474 0.636214 0.800000 
6.683352 0.420478 0.800000 
6.776592 0.212960 0.800000 
0.000000 7.929314 0.880000 
0.251912 8.015965 0.880000 
0.491942 7.819187 0.880000 
0.743298 7.863273 0.880000 
1.000874 7.922735 0.880000 
1.226370 7.742993 0.880000 
1.479767 7.757211 0.880000 
1.749769 7.828015 0.880000 
1.959028 7.629910 0.880000 
2.201498 7.577606 0.880000 
2.425929 7.466239 0.880000 
2.756434 7.656289 0.880000 
2.903937 7.334505 0.880000 
3.151583 7.282878 0.880000 
3.379319 7.181417 0.880000 
3.571809 7.010067 0.880000 
3.809216 6.928936 0.880000 
4.070844 6.883420 0.880000 
4.217630 6.645920 0.880000 
4.485090 6.599607 0.880000 
4.644698 6.392876 0.880000 
4.920151 6.343018 0.880000 
4.997093 6.040446 0.880000 
5.240459 5.944132 0.880000 
5.503113 5.860218 0.880000 
5.622754 5.622752 0.880000 
5.811226 5.457103 0.880000 
6.012016 5.300303 0.880000 
6.047954 5.003300 0.880000 
6.292048 4.880610 0.880000 
6.365009 4.624447 0.880000 
6.588164 4.477309 0.880000 
6.632495 4.209107 0.880000 
6.758281 3.996833 0.880000 
6.920274 3.804450 0.880000 
7.174261 3.655466 0.880000 
7.134352 3.357168 0.880000 
7.304676 3.161012 0.880000 
7.316230 2.896698 0.880000 
7.461710 2.686378 0.880000 
7.507059 2.439188 0.880000 
7.537587 2.189868 0.880000 
7.623967 1.957499 0.880000 
7.603540 1.699589 0.880000 
7.835588 1.494715 0.880000 
7.765882 1.229991 0.880000 
7.816497 0.987449 0.880000 
8.004649 0.756658 0.880000 
7.793819 0.490342 0.880000 
7.884569 0.247779 0.880000 
0.000000 8.195337 0.960000 
0.246781 7.852693 0.960000 
0.495475 7.875354 0.960000 
0.739944 7.827789 0.960000 
0.983772 7.787358 0.960000 
1.238668 7.820642 0.960000 
1.472404 7.718610 0.960000 
1.696977 7.591841 0.960000 
1.956892 7.621592 0.960000 
2.189191 7.535243 0.960000 
2.463436 7.581676 0.960000 
2.611810 7.254580 0.960000 
2.965977 7.491202 0.960000 
3.094250 7.150388 0.960000 
.289451 6.990437 0.960000 
3.647334 7.158294 0.960000 
3.982274 7.243727 0.960000 
4.057360 6.860619 0.960000 
4.231473 6.667733 0.960000 
4.450648 6.548928 0.960000 
4.758530 6.549552 0.960000 
4.726489 6.093351 0.960000 
5.030653 6.081012 0.960000 
5.263573 5.970350 0.960000 
5.457967 5.812142 0.960000 
5.679051 5.679049 0.960000 
5.780222 5.427988 0.960000 
6.008205 5.296943 0.960000 
6.119246 5.062278 0.960000 
6.271292 4.864510 0.960000 
6.434134 4.674670 0.960000 
6.463856 4.392829 0.960000 
6.802745 4.317151 0.960000 
6.746749 3.990014 0.960000 
6.985783 3.840464 0.960000 
6.924914 3.528418 0.960000 
7.066002 3.325005 0.960000 
7.308130 3.162507 0.960000 
7.209617 2.854486 0.960000 
7.379481 2.656774 0.960000 
7.534130 2.447984 0.960000 
7.486431 2.175006 0.960000 
7.609743 1.953846 0.960000 
7.723804 1.726471 0.960000 
7.891639 1.505407 0.960000 
7.832920 1.240609 0.960000 
7.891558 0.996932 0.960000 
7.822921 0.739480 0.960000 
7.786602 0.489888 0.960000 
7.925402 0.249062 0.960000 
0.000000 8.150472 1.040000 
0.257672 8.199252 1.040000 
0.536119 8.521371 1.040000 
0.792495 8.383722 1.040000 
1.020703 8.079698 1.040000 
1.320190 8.335353 1.040000 
1.575869 8.260997 1.040000 
1.822513 8.153457 1.040000 
2.032505 7.916084 1.040000 
2.339725 8.053385 1.040000 
2.405752 7.404143 1.040000 
2.766667 7.684711 1.040000 
2.912576 7.356325 1.040000 
3.320222 7.672579 1.040000 
3.505286 7.449109 1.040000 
3.612872 7.090660 1.040000 
3.878395 7.054773 1.040000 
4.243097 7.174684 1.040000 
4.350423 6.855169 1.040000 
4.445772 6.541753 1.040000 
4.693138 6.459548 1.040000 
4.865277 6.272275 1.040000 
5.173639 6.253853 1.040000 
5.428460 6.157376 1.040000 
5.749409 6.122496 1.040000 
5.629842 5.629840 1.040000 
5.997435 5.631964 1.040000 
5.872306 5.177132 1.040000 
6.303394 5.214618 1.040000 
6.081306 4.717143 1.040000 
6.530732 4.744852 1.040000 
6.483908 4.406456 1.040000 
6.774669 4.299334 1.040000 
6.863869 4.059278 1.040000 
7.346616 4.038834 1.040000 
7.243458 3.690723 1.040000 
7.683167 3.615421 1.040000 
7.507942 3.248973 1.040000 
8.128386 3.218252 1.040000 
7.380623 2.657185 1.040000 
7.484845 2.431970 1.040000 
7.733381 2.246752 1.040000 
7.896956 2.027590 1.040000 
7.992791 1.786597 1.040000 
7.689916 1.466926 1.040000 
8.060514 1.276656 1.040000 
7.910235 0.999291 1.040000 
8.165576 0.771870 1.040000 
8.449210 0.531575 1.040000 
8.113774 0.254981 1.040000 
0.000000 8.736357 1.120000 
0.284710 9.059626 1.120000 
0.548747 8.722083 1.120000 
0.809743 8.566181 1.120000 
1.118649 8.855015 1.120000 
1.375076 8.681890 1.120000 
1.608238 8.430676 1.120000 
1.962559 8.779985 1.120000 
2.253758 8.777809 1.120000 
2.437780 8.390893 1.120000 
2.698306 8.304530 1.120000 
2.948299 8.189216 1.120000 
3.201901 8.087076 1.120000 
3.566819 8.242432 1.120000 
3.482641 7.400987 1.120000 
3.928755 7.710615 1.120000 
4.232502 7.698892 1.120000 
4.446411 7.518469 1.120000 
4.299336 6.774667 1.120000 
4.801602 7.065341 1.120000 
5.138596 7.072669 1.120000 
5.774771 7.444787 1.120000 
5.951670 7.194331 1.120000 
5.812014 6.592433 1.120000 
5.892076 6.274422 1.120000 
5.567555 5.567554 1.120000 
6.727620 6.317653 1.120000 
6.250473 5.510530 1.120000 
6.571117 5.436099 1.120000 
6.509288 5.049119 1.120000 
7.168807 5.208440 1.120000 
7.270131 4.940773 1.120000 
7.841853 4.976588 1.120000 
7.392457 4.371884 1.120000 
8.231599 4.525356 1.120000 
7.872339 4.011154 1.120000 
7.732080 3.638438 1.120000 
7.916669 3.425845 1.120000 
8.304350 3.287921 1.120000 
8.531207 3.071420 1.120000 
8.662655 2.814664 1.120000 
9.026941 2.622565 1.120000 
8.212226 2.108538 1.120000 
8.146758 1.821012 1.120000 
8.266465 1.576909 1.120000 
8.507018 1.347375 1.120000 
9.436375 1.192087 1.120000 
8.772065 0.829200 1.120000 
8.636750 0.543374 1.120000 
8.451902 0.265607 1.120000 
0.000000 9.282767 1.200000 
0.299027 9.515182 1.200000 
0.579797 9.215608 1.200000 
0.891432 9.430367 1.200000 
1.232928 9.759626 1.200000 
1.451888 9.166862 1.200000 
1.794096 9.404980 1.200000 
2.041150 9.131580 1.200000 
2.290312 8.920175 1.200000 
2.663575 9.168084 1.200000 
2.875125 8.848724 1.200000 
3.227051 8.963476 1.200000 
3.450014 8.713739 1.200000 
3.751236 8.668592 1.200000 
4.000275 8.501014 1.200000 
4.263052 8.366708 1.200000 
4.596091 8.360257 1.200000 
4.759689 8.048193 1.200000 
5.033296 7.931203 1.200000 
5.316693 7.823274 1.200000 
5.315710 7.316444 1.200000 
5.750203 7.413114 1.200000 
5.975972 7.223707 1.200000 
6.220876 7.056196 1.200000 
6.237343 6.642093 1.200000 
6.667057 6.667054 1.200000 
6.927305 6.505170 1.200000 
6.948388 6.125825 1.200000 
.283022 6.025037 1.200000 
7.358180 5.707587 1.200000 
7.636080 5.547934 1.200000 
7.824672 5.317638 1.200000 
7.943895 5.041346 1.200000 
8.082520 4.779986 1.200000 
8.252100 4.536627 1.200000 
8.408461 4.284321 1.200000 
8.508571 4.003826 1.200000 
8.624002 3.731936 1.200000 
8.752508 3.465359 1.200000 
8.744775 3.148309 1.200000 
8.932174 2.902236 1.200000 
9.033359 2.624429 1.200000 
9.199403 2.362001 1.200000 
9.293934 2.077436 1.200000 
9.356276 1.784801 1.200000 
9.300970 1.473125 1.200000 
9.359286 1.182348 1.200000 
9.317049 0.880716 1.200000 
9.396657 0.591183 1.200000 
9.274914 0.291471 1.200000 
0.000000 9.659225 1.280000 
0.293856 9.350650 1.280000 
0.591503 9.401671 1.280000 
0.887155 9.385123 1.280000 
1.171073 9.269999 1.280000 
1.486579 9.385888 1.280000 
1.758920 9.220580 1.280000 
2.044409 9.146160 1.280000 
2.378114 9.262140 1.280000 
2.651220 9.125559 1.280000 
2.921402 8.991149 1.280000 
3.143870 8.732434 1.280000 
3.520847 8.892643 1.280000 
3.695104 8.538880 1.280000 
3.997433 8.494976 1.280000 
4.386776 8.609531 1.280000 
4.486246 8.160450 1.280000 
4.766441 8.059610 1.280000 
4.974833 7.839080 1.280000 
5.340459 7.858244 1.280000 
5.559805 7.652412 1.280000 
5.768614 7.436849 1.280000 
6.033635 7.293409 1.280000 
6.212042 7.046176 1.280000 
6.434873 6.852440 1.280000 
6.707569 6.707567 1.280000 
6.774014 6.361221 1.280000 
7.112966 6.270920 1.280000 
7.366764 6.094314 1.280000 
7.373812 5.719712 1.280000 
7.723822 5.611681 1.280000 
7.747168 5.264966 1.280000 
8.006382 5.081001 1.280000 
8.049623 4.760530 1.280000 
8.244768 4.532597 1.280000 
8.453540 4.307291 1.280000 
8.231513 3.873453 1.280000 
8.740039 3.782149 1.280000 
8.818223 3.491378 1.280000 
8.764885 3.155549 1.280000 
8.997557 2.923480 1.280000 
8.964736 2.604493 1.280000 
9.021353 2.316286 1.280000 
9.136440 2.042232 1.280000 
9.379739 1.789277 1.280000 
9.411083 1.490565 1.280000 
9.354294 1.181718 1.280000 
9.430367 0.891428 1.280000 
9.583145 0.602916 1.280000 
9.377220 0.294686 1.280000 
0.000000 9.398520 1.360000 
0.297748 9.474488 1.360000 
0.606180 9.634959 1.360000 
0.879006 9.298914 1.360000 
1.185515 9.384317 1.360000 
1.468947 9.274569 1.360000 
1.774319 9.301305 1.360000 
2.070401 9.262441 1.360000 
2.316700 9.022948 1.360000 
2.634723 9.068776 1.360000 
2.937602 9.041008 1.360000 
3.192135 8.866494 1.360000 
3.470915 8.766527 1.360000 
3.719379 8.594976 1.360000 
4.118627 8.752524 1.360000 
4.269114 8.378607 1.360000 
4.486246 8.160450 1.360000 
4.826149 8.160570 1.360000 
5.007480 7.890524 1.360000 
5.297796 7.795467 1.360000 
5.539061 7.623861 1.360000 
5.715667 7.368590 1.360000 
5.953775 7.196876 1.360000 
6.215353 7.049932 1.360000 
6.460096 6.879301 1.360000 
6.672992 6.672990 1.360000 
6.806428 6.391659 1.360000 
7.071269 6.234159 1.360000 
7.212193 5.966442 1.360000 
7.514117 5.828544 1.360000 
7.645603 5.554852 1.360000 
7.691163 5.226906 1.360000 
8.121889 5.154305 1.360000 
8.099769 4.790186 1.360000 
8.296293 4.560923 1.360000 
8.552457 4.357691 1.360000 
8.396337 3.951013 1.360000 
8.769807 3.795031 1.360000 
8.712200 3.449400 1.360000 
8.805311 3.170104 1.360000 
9.055564 2.942327 1.360000 
8.837621 2.567563 1.360000 
9.093553 2.334823 1.360000 
9.091267 2.032135 1.360000 
9.210766 1.757043 1.360000 
9.251561 1.465299 1.360000 
9.122458 1.152430 1.360000 
9.550905 0.902822 1.360000 
9.378306 0.590028 1.360000 
9.390546 0.295105 1.360000 
0.000000 9.511374 1.440000 
0.294534 9.372228 1.440000 
0.597651 9.499394 1.440000 
0.889052 9.405190 1.440000 
1.182984 9.364286 1.440000 
1.490302 9.409397 1.440000 
1.755802 9.204235 1.440000 
2.049859 9.170542 1.440000 
2.327385 9.064566 1.440000 
2.602193 8.956806 1.440000 
2.865498 8.819094 1.440000 
3.163937 8.788172 1.440000 
3.454302 8.724568 1.440000 
3.712794 8.579760 1.440000 
3.975530 8.448428 1.440000 
4.328123 8.494417 1.440000 
4.506935 8.198082 1.440000 
4.875600 8.244187 1.440000 
4.929504 7.767654 1.440000 
5.133146 7.553193 1.440000 
5.562779 7.656506 1.440000 
5.709608 7.360779 1.440000 
6.077974 7.347006 1.440000 
6.193334 7.024956 1.440000 
6.366844 6.779997 1.440000 
6.594126 6.594124 1.440000 
6.876853 6.457792 1.440000 
7.022470 6.191137 1.440000 
7.198152 5.954826 1.440000 
7.470011 5.794332 1.440000 
7.563212 5.494992 1.440000 
7.629064 5.184703 1.440000 
7.983574 5.066527 1.440000 
8.180995 4.838223 1.440000 
8.137424 4.473583 1.440000 
8.341518 4.250213 1.440000 
8.309640 3.910217 1.440000 
8.679412 3.755913 1.440000 
8.857691 3.507004 1.440000 
8.913996 3.209232 1.440000 
9.020048 2.930787 1.440000 
8.944144 2.598510 1.440000 
9.140554 2.346891 1.440000 
9.305574 2.080038 1.440000 
9.153848 1.746186 1.440000 
9.215581 1.459600 1.440000 
8.839767 1.116718 1.440000 
9.270995 0.876363 1.440000 
9.360014 0.588878 1.440000 
9.248791 0.290650 1.440000 
0.000000 7.983180 1.520000 
0.244538 7.781335 1.520000 
0.503815 8.007908 1.520000 
0.729841 7.720910 1.520000 
0.981181 7.766850 1.520000 
1.235184 7.798644 1.520000 
1.501354 7.870372 1.520000 
1.716260 7.678106 1.520000 
1.998278 7.782778 1.520000 
2.191574 7.543446 1.520000 
2.502507 7.701924 1.520000 
2.656777 7.379479 1.520000 
2.895799 7.313953 1.520000 
3.194726 7.382575 1.520000 
3.325522 7.067091 1.520000 
3.603226 7.071727 1.520000 
3.806238 6.923520 1.520000 
4.037617 6.827236 1.520000 
4.219603 6.649028 1.520000 
4.530145 6.665904 1.520000 
4.646877 6.395876 1.520000 
4.866041 6.273260 1.520000 
4.950265 5.983840 1.520000 
5.337543 6.054252 1.520000 
5.342484 5.689166 1.520000 
5.698064 5.698062 1.520000 
5.785668 5.433102 1.520000 
5.927402 5.225705 1.520000 
6.033897 4.991671 1.520000 
6.203089 4.811606 1.520000 
6.462615 4.695362 1.520000 
6.597523 4.483669 1.520000 
6.625283 4.204530 1.520000 
6.834747 4.042056 1.520000 
6.985783 3.840464 1.520000 
6.970998 3.551898 1.520000 
7.073653 3.328606 1.520000 
7.273741 3.147626 1.520000 
7.394538 2.927701 1.520000 
7.608555 2.739245 1.520000 
7.537677 2.449136 1.520000 
7.724768 2.244249 1.520000 
7.599112 1.951117 1.520000 
7.710520 1.723502 1.520000 
7.716214 1.471943 1.520000 
7.938818 1.257381 1.520000 
7.932762 1.002137 1.520000 
7.858357 0.742830 1.520000 
7.903743 0.497257 1.520000 
7.981765 0.250833 1.520000 
0.000000 7.774402 1.600000 
0.248520 7.908025 1.600000 
0.489287 7.776999 1.600000 
0.736621 7.792631 1.600000 
0.997406 7.895283 1.600000 
1.241587 7.839070 1.600000 
1.505650 7.892893 1.600000 
1.737634 7.773727 1.600000 
1.963313 7.646599 1.600000 
2.236422 7.697815 1.600000 
2.421039 7.451191 1.600000 
2.677137 7.436032 1.600000 
.876102 7.264204 1.600000 
3.125080 7.221632 1.600000 
3.412550 7.252037 1.600000 
3.541487 6.950558 1.600000 
3.851404 7.005677 1.600000 
4.079236 6.897610 1.600000 
4.226850 6.660447 1.600000 
4.499298 6.620514 1.600000 
4.511454 6.209482 1.600000 
4.824349 6.219511 1.600000 
5.048788 6.102934 1.600000 
5.260260 5.966592 1.600000 
5.380704 5.729866 1.600000 
5.632505 5.632503 1.600000 
5.723637 5.374851 1.600000 
5.984493 5.276037 1.600000 
6.068691 5.020455 1.600000 
6.206948 4.814600 1.600000 
6.461592 4.694619 1.600000 
6.524394 4.433971 1.600000 
6.671906 4.234118 1.600000 
6.715508 3.971537 1.600000 
6.931107 3.810405 1.600000 
7.038560 3.586323 1.600000 
7.139924 3.359790 1.600000 
7.248726 3.136801 1.600000 
7.448462 2.949051 1.600000 
7.409378 2.667537 1.600000 
7.530587 2.446833 1.600000 
7.543447 2.191571 1.600000 
7.666965 1.968539 1.600000 
7.688879 1.718665 1.600000 
7.603971 1.450531 1.600000 
7.692884 1.218429 1.600000 
7.957943 1.005318 1.600000 
7.810776 0.738332 1.600000 
7.991416 0.502773 1.600000 
8.047887 0.252911 1.600000 
0.000000 7.929314 1.680000 
0.251433 8.000730 1.680000 
0.501744 7.974988 1.680000 
0.749862 7.932713 1.680000 
0.991783 7.850772 1.680000 
1.230378 7.768299 1.680000 
1.493775 7.830642 1.680000 
1.695412 7.584837 1.680000 
1.984083 7.727492 1.680000 
2.198409 7.566971 1.680000 
2.484600 7.646810 1.680000 
2.665463 7.403606 1.680000 
2.851429 7.201888 1.680000 
3.097591 7.158109 1.680000 
3.395855 7.216558 1.680000 
3.594193 7.054000 1.680000 
3.766199 6.850688 1.680000 
4.028762 6.812263 1.680000 
4.214349 6.640749 1.680000 
4.411249 6.490953 1.680000 
4.665126 6.420993 1.680000 
4.791515 6.177181 1.680000 
5.131631 6.203074 1.680000 
5.169928 5.864130 1.680000 
5.381542 5.730758 1.680000 
5.527082 5.527081 1.680000 
5.733435 5.384052 1.680000 
5.915377 5.215104 1.680000 
6.156985 5.093498 1.680000 
6.214674 4.820593 1.680000 
6.439201 4.678351 1.680000 
6.532553 4.439516 1.680000 
6.654214 4.222890 1.680000 
6.923957 4.094814 1.680000 
6.797089 3.736728 1.680000 
7.025380 3.579607 1.680000 
7.118803 3.349851 1.680000 
7.306977 3.162008 1.680000 
7.437850 2.944850 1.680000 
7.450015 2.682167 1.680000 
7.525872 2.445301 1.680000 
7.571693 2.199777 1.680000 
7.651381 1.964537 1.680000 
7.763937 1.735442 1.680000 
7.710220 1.470800 1.680000 
7.793776 1.234409 1.680000 
7.845855 0.991158 1.680000 
7.801087 0.737416 1.680000 
7.843506 0.493468 1.680000 
7.768178 0.244121 1.680000 
0.000000 7.935540 1.760000 
0.251075 7.989339 1.760000 
0.493856 7.849611 1.760000 
0.744229 7.873116 1.760000 
0.973643 7.707175 1.760000 
1.232680 7.782837 1.760000 
1.489780 7.809698 1.760000 
1.734899 7.761491 1.760000 
2.015575 7.850146 1.760000 
2.164332 7.449677 1.760000 
2.508532 7.720467 1.760000 
2.696113 7.488741 1.760000 
2.868565 7.245168 1.760000 
3.194219 7.381402 1.760000 
3.367682 7.156686 1.760000 
3.545863 6.959147 1.760000 
3.807429 6.925685 1.760000 
3.948995 6.677384 1.760000 
4.250073 6.697042 1.760000 
4.464643 6.569520 1.760000 
4.639618 6.385884 1.760000 
4.969067 6.406080 1.760000 
5.058304 6.114438 1.760000 
5.142097 5.832562 1.760000 
5.349919 5.697083 1.760000 
5.521105 5.521103 1.760000 
5.749543 5.399179 1.760000 
5.853270 5.160349 1.760000 
6.102936 5.048785 1.760000 
6.243830 4.843209 1.70000 
6.414951 4.660732 1.760000 
6.663783 4.528699 1.760000 
6.734041 4.273550 1.760000 
6.738389 3.985070 1.760000 
7.071667 3.887679 1.760000 
6.825333 3.477678 1.760000 
7.243999 3.408764 1.760000 
7.319665 3.167499 1.760000 
7.302587 2.891296 1.760000 
7.412845 2.668785 1.760000 
7.534130 2.447984 1.760000 
7.594208 2.206318 1.760000 
7.584984 1.947490 1.760000 
7.712932 1.724041 1.760000 
7.701845 1.469202 1.760000 
7.726213 1.223708 1.760000 
7.843400 0.990848 1.760000 
7.848549 0.741903 1.760000 
7.815556 0.491709 1.760000 
7.959124 0.250122 1.760000 
0.000000 8.085335 1.840000 
0.251314 7.996928 1.840000 
0.500083 7.948591 1.840000 
0.732876 7.753013 1.840000 
1.022513 8.094027 1.840000 
1.268069 8.006273 1.840000 
1.630648 8.548158 1.840000 
1.727828 7.729856 1.840000 
2.040409 7.946867 1.840000 
2.298326 7.910887 1.840000 
2.551484 7.852658 1.840000 
2.931379 8.142218 1.840000 
2.985002 7.539252 1.840000 
3.201859 7.399058 1.840000 
3.676544 7.813053 1.840000 
3.646175 7.156021 1.840000 
3.969327 7.220178 1.840000 
4.088311 6.912955 1.840000 
3.605862 5.681928 1.840000 
3.808029 5.603343 1.840000 
3.607958 4.965927 1.840000 
3.710263 4.783240 1.840000 
3.897249 4.710963 1.840000 
3.755337 4.259592 1.840000 
3.889128 4.141500 1.840000 
3.853040 3.853039 1.840000 
3.970609 3.728649 1.840000 
4.017558 3.541952 1.840000 
4.122973 3.410818 1.840000 
4.227021 3.278812 1.840000 
4.326461 3.143356 1.840000 
4.459032 3.030353 1.840000 
4.566833 2.898199 1.840000 
4.654389 2.752596 1.840000 
4.671113 2.567964 1.840000 
4.767857 2.429343 1.840000 
4.889463 2.300805 1.840000 
4.889341 2.115805 1.840000 
4.964486 1.965577 1.840000 
5.006948 1.802610 1.840000 
5.078722 1.650175 1.840000 
5.117190 1.486679 1.840000 
5.207826 1.337140 1.840000 
5.266548 1.177210 1.840000 
5.304981 1.011977 1.840000 
5.337842 0.845429 1.840000 
5.355007 0.676492 1.840000 
5.343376 0.505095 1.840000 
5.351364 0.336677 1.840000 
5.358143 0.168384 1.840000 
0.000000 5.350455 1.920000 
0.171132 5.445508 1.920000 
0.357789 5.686898 1.920000 
0.536275 5.673201 1.920000 
0.768380 6.082351 1.920000 
0.969343 6.120190 1.920000 
1.265055 6.631648 1.920000 
1.732173 7.749295 1.920000 
1.949304 7.592039 1.920000 
2.618847 9.014130 1.920000 
2.912056 8.962387 1.920000 
3.741804 10.393260 1.920000 
4.130841 10.433311 1.920000 
4.976806 11.500718 1.920000 
5.642187 11.990254 1.920000 
5.267096 10.337255 1.920000 
5.344796 9.722146 1.920000 
4.828733 8.164941 1.920000 
4.854253 7.649076 1.920000 
4.487214 6.602732 1.920000 
4.021098 5.534565 1.920000 
4.148718 5.348493 1.920000 
4.334758 5.239820 1.920000 
4.557366 5.169315 1.920000 
4.646433 4.947947 1.920000 
4.812272 4.812270 1.920000 
4.966076 4.663455 1.920000 
5.059775 4.460790 1.920000 
5.275875 4.364581 1.920000 
5.286166 4.100369 1.920000 
5.461183 3.967779 1.920000 
5.613893 3.815196 1.920000 
5.853541 3.714768 1.920000 
5.849728 3.459517 1.920000 
5.959263 3.276130 1.920000 
6.013897 3.064232 1.920000 
6.115540 2.877752 1.920000 
6.194436 2.680569 1.920000 
6.515290 2.579583 1.920000 
6.516953 2.346245 1.920000 
6.420005 2.085983 1.920000 
6.541142 1.900375 1.920000 
6.762902 1.736415 1.920000 
6.679755 1.493099 1.920000 
6.620144 1.262857 1.920000 
6.705719 1.062078 1.920000 
6.776785 0.856104 1.920000 
6.696360 0.632989 1.920000 
6.754718 0.424967 1.920000 
6.755458 0.212295 1.920000 
0.000000 7.817684 2.000000 
0.248170 7.896897 2.000000 
0.492859 7.833763 2.000000 
0.754981 7.986862 2.000000 
0.993651 7.865554 2.000000 
1.224470 7.731001 2.000000 
1.485106 7.785198 2.000000 
1.720546 7.697279 2.000000 
1.987220 7.739712 2.000000 
2.201842 7.578790 2.000000 
2.438049 7.503542 2.000000 
2.706772 7.518348 2.000000 
2.881893 7.278830 2.000000 
3.117314 7.203686 2.000000 
3.378789 7.180291 2.000000 
3.589693 7.045167 2.000000 
3.802669 6.917028 2.000000 
3.997457 6.759328 2.000000 
4.255417 6.705463 2.000000 
4.465346 6.570555 2.000000 
4.573901 6.295432 2.000000 
4.825101 6.220481 2.000000 
5.033796 6.084812 2.000000 
5.273541 5.981656 2.000000 
5.396653 5.746850 2.000000 
5.630730 5.630728 2.000000 
5.752238 5.401709 2.000000 
5.966594 5.260258 2.000000 
6.055476 5.009523 2.000000 
6.249694 4.847757 2.000000 
6.407909 4.655616 2.000000 
6.503074 4.419482 2.000000 
6.700199 4.252073 2.000000 
6.776178 4.007418 2.000000 
7.007894 3.852619 2.000000 
7.012250 3.572917 2.000000 
7.314665 3.442017 2.000000 
7.228388 3.128000 2.000000 
7.402693 2.930930 2.000000 
7.508851 2.703350 2.000000 
7.427018 2.413181 2.000000 
7.515409 2.183425 2.000000 
7.554552 1.939676 2.000000 
7.722595 1.726201 2.000000 
7.806013 1.489073 2.000000 
7.893627 1.250224 2.000000 
7.905246 0.998661 2.000000 
7.882987 0.745158 2.000000 
7.853278 0.494082 2.000000 
7.883337 0.247740 2.000000 
0.000000 9.351955 2.080000 
0.298759 9.506680 2.080000 
0.599150 9.523214 2.080000 
0.878540 9.293980 2.080000 
1.195507 9.463414 2.080000 
1.474702 9.310900 2.080000 
1.751141 9.179800 2.080000 
2.036818 9.112198 2.080000 
2.315471 9.018164 2.080000 
2.645074 9.104404 2.080000 
2.885312 8.880076 2.080000 
3.224168 8.955468 2.080000 
3.435985 8.678307 2.080000 
3.693798 8.535861 2.080000 
4.012380 8.526738 2.080000 
4.228453 8.298804 2.080000 
4.587058 8.343825 2.080000 
4.837362 8.179531 2.080000 
5.011029 7.896116 2.080000 
5.317642 7.824670 2.080000 
5.470745 7.529831 2.080000 
5.707589 7.358177 2.080000 
6.088863 7.360168 2.080000 
6.118276 6.939819 2.080000 
6.393923 6.808834 2.080000 
6.760544 6.760541 2.080000 
6.858532 6.440588 2.080000 
7.220772 6.365964 2.080000 
7.102288 5.875521 2.080000 
7.405228 5.744081 2.080000 
7.527176 5.468811 2.080000 
7.703403 5.235224 2.080000 
8.078285 5.126633 2.080000 
7.917274 4.682260 2.080000 
8.200990 4.508529 2.080000 
8.408461 4.284321 2.080000 
8.396337 3.951013 2.080000 
8.699550 3.764628 2.080000 
8.769649 3.472146 2.080000 
8.743230 3.147753 2.080000 
9.010402 2.927653 2.080000 
8.998152 2.614201 2.080000 
9.119440 2.341470 2.080000 
9.302245 2.079294 2.080000 
9.187937 1.752688 2.080000 
9.186302 1.454963 2.080000 
9.375964 1.184455 2.080000 
9.356809 0.884474 2.080000 
9.441922 0.594031 2.080000 
9.263469 0.291111 2.080000 
0.000000 11.291862 2.160000 
0.347498 11.057571 2.160000 
0.707541 11.246047 2.160000 
1.045663 11.061954 2.160000 
1.395250 11.044542 2.160000 
1.756067 11.087367 2.160000 
2.080468 10.906197 2.160000 
2.474982 11.072432 2.160000 
2.796991 10.893560 2.160000 
3.073102 10.577687 2.160000 
3.428376 10.551455 2.160000 
3.786693 10.517941 2.160000 
4.048029 10.224154 2.160000 
4.477727 10.347416 2.160000 
4.716648 10.023385 2.160000 
5.083749 9.977417 2.160000 
5.368121 9.764573 2.160000 
5.619844 9.502636 2.160000 
6.131650 9.661932 2.160000 
6.186706 9.103458 2.160000 
6.623331 9.116230 2.160000 
6.873708 8.861527 2.160000 
7.177219 8.675765 2.160000 
7.391289 8.383768 2.160000 
7.672779 8.170677 2.160000 
8.008878 8.008875 2.160000 
7.979790 7.493519 2.160000 
8.538103 7.527347 2.160000 
8.579227 7.097351 2.160000 
8.754745 6.790873 2.160000 
8.965425 6.513759 2.160000 
9.176012 6.236007 2.160000 
9.420723 5.978570 2.160000 
9.647668 5.705611 2.160000 
9.770129 5.371170 2.160000 
9.943434 5.066429 2.160000 
10.244411 4.820650 2.160000 
10.057746 4.352371 2.160000 
10.395783 4.115977 2.160000 
10.474191 3.770936 2.160000 
10.635728 3.455753 2.160000 
10.575693 3.072518 2.160000 
10.654909 2.735711 2.160000 
10.876575 2.431198 2.160000 
10.951728 2.089149 2.160000 
11.201730 1.774174 2.160000 
11.032003 1.393661 2.160000 
11.028519 1.042497 2.160000 
11.125100 0.699926 2.160000 
11.076406 0.348084 2.160000 
0.000000 11.090261 2.240000 
0.350803 11.162726 2.240000 
0.701791 11.154650 2.240000 
1.056821 11.179996 2.240000 
1.420098 11.241230 2.240000 
1.729985 10.922695 2.240000 
2.095895 10.987067 2.240000 
2.419723 10.825217 2.240000 
2.762737 10.760148 2.240000 
3.112297 10.712597 2.240000 
3.453138 10.627665 2.240000 
3.809753 10.581994 2.240000 
4.056444 10.245407 2.240000 
4.480279 10.353313 2.240000 
4.775990 10.149493 2.240000 
5.128348 10.064947 2.240000 
5.372188 9.771972 2.240000 
5.644334 9.544046 2.240000 
5.917794 9.324949 2.240000 
6.262037 9.214306 2.240000 
6.513762 8.965423 2.240000 
6.819207 8.791265 2.240000 
7.018610 8.484039 2.240000 
7.415161 8.410846 2.240000 
7.580328 8.072227 2.240000 
7.771197 7.771194 2.240000 
8.204873 7.704885 2.240000 
8.407656 7.412342 2.240000 
8.577605 7.096009 2.240000 
8.886798 6.893304 2.240000 
8.940032 6.495310 2.240000 
9.325094 6.337324 2.240000 
9.447550 5.995594 2.240000 
9.618439 5.688325 2.240000 
9.753482 5.362019 2.240000 
9.794129 4.990354 2.240000 
10.078556 4.742604 2.240000 
10.147389 4.391163 2.240000 
10.451150 4.137898 2.240000 
10.547909 3.797477 2.240000 
10.607544 3.446595 2.240000 
10.704487 3.109936 2.240000 
10.815316 2.776896 2.240000 
10.735582 2.399682 2.240000 
10.999573 2.098276 2.240000 
10.984864 1.739826 2.240000 
11.002812 1.389973 2.240000 
11.097625 1.049029 2.240000 
11.018267 0.693205 2.240000 
11.301316 0.355152 2.240000 
0.000000 11.183065 2.320000 
0.353878 11.260584 2.320000 
0.708887 11.267435 2.320000 
1.052420 11.133434 2.320000 
1.391557 11.015309 2.320000 
1.741809 10.997347 2.320000 
2.092719 10.970417 2.320000 
2.501530 11.191201 2.320000 
2.704445 10.533116 2.320000 
3.087653 10.627771 2.320000 
3.383989 10.414845 2.320000 
3.731217 10.363853 2.320000 
4.055679 10.243475 2.320000 
4.411149 10.193561 2.320000 
4.825242 10.254159 2.320000 
4.972504 9.759086 2.320000 
5.324620 9.685445 2.320000 
5.661453 9.572992 2.320000 
5.944708 9.367359 2.320000 
6.304921 9.277407 2.320000 
6.557065 9.025023 2.320000 
6.886765 8.878361 2.320000 
7.033208 8.501685 2.320000 
7.305057 8.285957 2.320000 
7.726875 8.228283 2.320000 
7.883683 7.883680 2.320000 
8.061554 7.570300 2.320000 
8.312637 7.328572 2.320000 
8.587358 7.104076 2.320000 
8.814610 6.837308 2.320000 
9.054159 6.578228 2.320000 
9.209072 6.258475 2.320000 
9.445757 5.994456 2.320000 
9.602046 5.678630 2.320000 
9.744255 5.356946 2.320000 
9.888978 5.038682 2.320000 
10.134104 4.768743 2.320000 
10.210942 4.418665 2.320000 
10.228016 4.049554 2.320000 
10.533911 3.792437 2.320000 
10.468032 3.401265 2.320000 
10.523934 3.057481 2.320000 
10.966254 2.815651 2.320000 
10.860113 2.427518 2.320000 
10.960026 2.090732 2.320000 
11.238033 1.779924 2.320000 
10.915830 1.378985 2.320000 
11.089220 1.048234 2.320000 
11.280294 0.709690 2.320000 
11.179669 0.351330 2.320000 
0.000000 9.612439 2.400000 
0.290501 9.243902 2.400000 
0.588673 9.356690 2.400000 
0.885107 9.363457 2.400000 
1.169209 9.255245 2.400000 
1.473654 9.304281 2.400000 
1.731161 9.075063 2.400000 
2.046224 9.154278 2.400000 
2.366652 9.217499 2.400000 
2.597596 8.940983 2.400000 
3.030502 9.326923 2.400000 
3.163937 8.788172 2.400000 
3.442685 8.695228 2.400000 
3.814821 8.815529 2.400000 
4.077386 8.664885 2.400000 
4.288902 8.417442 2.400000 
4.563367 8.300732 2.400000 
4.782537 8.086827 2.400000 
5.111053 8.053729 2.400000 
5.339506 7.856843 2.400000 
5.460126 7.515216 2.400000 
5.777852 7.448759 2.400000 
6.027186 7.285614 2.400000 
6.169250 6.997639 2.400000 
6.495888 6.917415 2.400000 
6.663501 6.663498 2.400000 
6.834220 6.417758 2.400000 
7.095230 6.255283 2.400000 
7.277835 6.020746 2.400000 
7.554556 5.859911 2.400000 
7.511241 5.457233 2.400000 
7.806578 5.305341 2.400000 
7.884937 5.003931 2.400000 
8.073919 4.774899 2.400000 
8.417400 4.627502 2.400000 
8.337083 4.247953 2.400000 
8.532806 4.015230 2.400000 
8.755687 3.788920 2.400000 
8.678308 3.435982 2.400000 
8.842888 3.183632 2.400000 
8.994354 2.922439 2.400000 
9.089808 2.640829 2.400000 
9.091944 2.334410 2.400000 
9.149405 2.045130 2.400000 
9.279783 1.770209 2.400000 
9.319189 1.476010 2.400000 
9.528086 1.203673 2.400000 
9.360134 0.884789 2.400000 
9.248125 0.581838 2.400000 
9.486333 0.298115 2.400000 
0.000000 8.012292 2.480000 
0.245864 7.823507 2.480000 
0.506953 8.057785 2.480000 
0.739714 7.825354 2.480000 
0.979816 7.756040 2.480000 
1.243345 7.850169 2.480000 
1.480461 7.760851 2.480000 
1.740377 7.786001 2.480000 
1.997009 7.777835 2.480000 
2.227588 7.667409 2.480000 
2.484205 7.645595 2.480000 
2.643648 7.343015 2.480000 
2.887261 7.292387 2.480000 
3.138275 7.252125 2.480000 
3.358219 7.136578 2.480000 
3.643860 7.151475 2.480000 
3.818179 6.945240 2.480000 
4.045236 6.840119 2.480000 
4.318528 6.804910 2.480000 
4.420860 6.505097 2.480000 
4.647605 6.396878 2.480000 
4.875235 6.285113 2.480000 
4.997093 6.040446 2.480000 
5.357209 6.076558 2.480000 
5.437376 5.790215 2.480000 
5.539933 5.539931 2.480000 
5.834237 5.478711 2.480000 
5.962838 5.256946 2.480000 
6.127913 5.069448 2.480000 
6.332962 4.912346 2.480000 
6.384892 4.638893 2.480000 
6.578831 4.470966 2.480000 
6.592531 4.183745 2.480000 
6.783575 4.011792 2.480000 
6.877283 3.780816 2.480000 
6.987224 3.560166 2.480000 
7.162294 3.370317 2.480000 
7.230642 3.128975 2.480000 
7.403861 2.931393 2.480000 
7.673569 2.762652 2.480000 
7.584070 2.464210 2.480000 
7.689280 2.233939 2.480000 
7.619222 1.956280 2.480000 
7.622334 1.703790 2.480000 
7.815849 1.490949 2.480000 
7.820642 1.238664 2.480000 
7.806757 0.986219 2.480000 
7.873116 0.744225 2.480000 
7.900030 0.497024 2.480000 
7.922913 0.248984 2.480000 
0.000000 7.948022 2.560000 
0.248364 7.903075 2.560000 
0.494780 7.864302 2.560000 
0.750336 7.937720 2.560000 
1.006440 7.966796 2.560000 
1.234027 7.791341 2.560000 
1.485339 7.786418 2.560000 
1.708017 7.641227 2.560000 
1.964848 7.652578 2.560000 
2.196353 7.559896 2.560000 
2.433490 7.489510 2.560000 
2.688913 7.468742 2.560000 
2.983566 7.535626 2.560000 
3.080958 7.119672 2.560000 
3.372432 7.166782 2.560000 
3.580728 7.027572 2.560000 
3.779057 6.874078 2.560000 
4.052247 6.851974 2.560000 
4.264128 6.719190 2.560000 
4.431898 6.521338 2.560000 
4.684258 6.447326 2.560000 
4.750381 6.124153 2.560000 
5.080645 6.141442 2.560000 
5.183557 5.879589 2.560000 
5.304821 5.649058 2.560000 
5.653893 5.653891 2.560000 
5.737007 5.387405 2.560000 
5.937617 5.234711 2.560000 
6.151147 5.088669 2.560000 
6.227273 4.830366 2.560000 
6.436161 4.676142 2.560000 
6.582974 4.473782 2.560000 
6.691791 4.246737 2.560000 
6.787812 4.014298 2.560000 
6.950694 3.821173 2.560000 
7.042967 3.588568 2.560000 
7.235973 3.404988 2.560000 
7.239673 3.132883 2.560000 
7.389885 2.925859 2.560000 
7.385211 2.658836 2.560000 
7.518805 2.443005 2.560000 
7.608500 2.210470 2.560000 
7.651381 1.964537 2.560000 
7.893141 1.764323 2.560000 
7.752368 1.478840 2.560000 
7.809629 1.236920 2.560000 
8.013894 1.012387 2.560000 
7.911503 0.747853 2.560000 
7.929842 0.498899 2.560000 
7.790935 0.244836 2.560000 
0.000000 7.846811 2.640000 
0.251592 8.005799 2.640000 
0.499532 7.939832 2.640000 
0.757385 8.012296 2.640000 
0.993962 7.868023 2.640000 
1.240029 7.829232 2.640000 
1.500165 7.864140 2.640000 
1.710933 7.654273 2.640000 
1.992892 7.761802 2.640000 
2.184443 7.518902 2.640000 
2.441480 7.514103 2.640000 
2.729645 7.581879 2.640000 
2.882340 7.279958 2.640000 
3.133375 7.240801 2.640000 
3.385701 7.194980 2.640000 
3.585766 7.037459 2.640000 
3.768529 6.854927 2.640000 
4.008046 6.777234 2.640000 
4.260104 6.712848 2.640000 
4.445772 6.541753 2.640000 
4.633827 6.377913 2.640000 
4.868337 6.276220 2.640000 
5.025156 6.074368 2.640000 
5.232254 5.934824 2.640000 
5.433105 5.785666 2.640000 
5.564953 5.564951 2.640000 
5.877042 5.518908 2.640000 
5.951602 5.247040 2.640000 
6.141444 5.080642 2.640000 
6.336983 4.915465 2.640000 
6.342298 4.607947 2.640000 
6.560242 4.458333 2.640000 
6.768223 4.295242 2.640000 
6.807999 4.026237 2.640000 
6.915953 3.802074 2.640000 
7.015529 3.574588 2.640000 
7.067093 3.325519 2.640000 
7.387279 3.196758 2.640000 
7.441385 2.946249 2.640000 
7.362342 2.650603 2.640000 
7.542409 2.450674 2.640000 
7.389627 2.146882 2.640000 
7.693481 1.975347 2.640000 
7.803247 1.744229 2.640000 
7.792530 1.486501 2.640000 
7.774348 1.231332 2.640000 
7.907737 0.998976 2.640000 
7.965369 0.752945 2.640000 
7.969947 0.501423 2.640000 
7.816242 0.245631 2.640000 
0.000000 7.909452 2.720000 
0.250244 7.962889 2.720000 
0.486067 7.725811 2.720000 
0.756542 8.003377 2.720000 
0.973643 7.707175 2.720000 
1.235763 7.802303 2.720000 
1.505890 7.894149 2.720000 
1.728370 7.732282 2.720000 
1.960862 7.637053 2.720000 
2.212208 7.614470 2.720000 
2.430082 7.479021 2.720000 
2.653892 7.371468 2.720000 
2.958903 7.473334 2.720000 
3.165004 7.313892 2.720000 
3.317833 7.050752 2.720000 
3.666563 7.196033 2.720000 
3.836231 6.978076 2.720000 
4.026870 6.809064 2.720000 
4.231473 6.667733 2.720000 
4.454839 6.555094 2.720000 
4.638896 6.384890 2.720000 
4.946071 6.376433 2.720000 
5.051164 6.105806 2.720000 
5.244573 5.948798 2.720000 
5.375687 5.724524 2.720000 
5.591078 5.591076 2.720000 
5.695324 5.348263 2.720000 
5.902479 5.203732 2.720000 
6.048892 5.004076 2.720000 
6.323937 4.905346 2.720000 
6.423013 4.666589 2.720000 
6.623661 4.501432 2.720000 
6.694942 4.248737 2.720000 
6.910760 4.087009 2.720000 
6.934364 3.812196 2.720000 
6.969918 3.551348 2.720000 
7.242852 3.408224 2.720000 
7.448937 3.223440 2.720000 
7.379437 2.921723 2.720000 
7.585506 2.730947 2.720000 
7.505890 2.438808 2.720000 
7.625240 2.215334 2.720000 
7.715312 1.980952 2.720000 
7.685284 1.717861 2.720000 
7.961215 1.518679 2.720000 
7.747798 1.227127 2.720000 
7.816497 0.987449 2.720000 
7.925215 0.749150 2.720000 
7.850835 0.493929 2.720000 
8.045323 0.252830 2.720000 
0.000000 9.420260 2.800000 
0.296161 9.423987 2.800000 
0.601516 9.560817 2.800000 
0.883380 9.345188 2.800000 
1.173774 9.291375 2.800000 
1.439167 9.086543 2.800000 
1.771476 9.286400 2.800000 
2.098773 9.389372 2.800000 
2.314653 9.014976 2.800000 
2.708960 9.324300 2.800000 
2.951822 9.084772 2.800000 
3.153879 8.760235 2.800000 
3.507636 8.859275 2.800000 
3.738576 8.639338 2.800000 
4.006675 8.514616 2.800000 
4.333547 8.505063 2.800000 
4.587878 8.345317 2.800000 
4.801277 8.118514 2.800000 
5.092811 8.024983 2.800000 
5.298739 7.796855 2.800000 
5.600650 7.708631 2.800000 
5.693490 7.340001 2.800000 
6.125002 7.403853 2.800000 
6.207635 7.041177 2.800000 
6.350008 6.762069 2.800000 
6.744830 6.744828 2.800000 
6.839075 6.422316 2.800000 
7.106626 6.265331 2.800000 
7.329953 6.063861 2.800000 
7.421013 5.756325 2.800000 
7.573941 5.502787 2.800000 
7.861057 5.342365 2.800000 
7.924170 5.028829 2.800000 
8.108416 4.795300 2.800000 
8.182134 4.498163 2.800000 
8.365224 4.262291 2.800000 
8.409682 3.957293 2.800000 
8.498296 3.677537 2.800000 
8.775894 3.474619 2.800000 
8.766433 3.156106 2.800000 
8.936935 2.903782 2.800000 
9.177940 2.666434 2.800000 
9.112955 2.339805 2.800000 
9.149405 2.045130 2.800000 
9.251756 1.764863 2.800000 
9.409398 1.490298 2.800000 
9.433007 1.191661 2.800000 
9.554330 0.903145 2.800000 
9.175209 0.577251 2.800000 
9.501589 0.298595 2.800000 
0.000000 11.144981 2.880000 
0.349278 11.114197 2.880000 
0.704592 11.199170 2.880000 
1.050427 11.112351 2.880000 
1.390504 11.006975 2.880000 
1.715348 10.830278 2.880000 
2.078501 10.895882 2.880000 
2.448783 10.955224 2.880000 
2.833397 11.035351 2.880000 
3.122345 10.747179 2.880000 
3.407055 10.485834 2.880000 
3.787411 10.519938 2.880000 
4.075653 10.293923 2.880000 
4.411149 10.193561 2.880000 
4.824325 10.252211 2.880000 
5.066432 9.943432 2.880000 
.313563 9.665333 2.880000 
5.700205 9.638518 2.880000 
5.934597 9.351427 2.880000 
6.283433 9.245789 2.880000 
6.539702 9.001124 2.880000 
6.863284 8.848089 2.880000 
7.127006 8.615067 2.880000 
7.300918 8.281263 2.880000 
7.642289 8.138208 2.880000 
7.946725 7.946722 2.880000 
8.200198 7.700496 2.880000 
8.455677 7.454678 2.880000 
8.738670 7.229253 2.880000 
8.772981 6.805018 2.880000 
9.137044 6.638447 2.880000 
9.077728 6.169214 2.880000 
9.358507 5.939086 2.880000 
9.667829 5.717534 2.880000 
9.900782 5.442997 2.880000 
9.870288 5.029159 2.880000 
10.055678 4.731839 2.880000 
10.201280 4.414484 2.880000 
10.389871 4.113636 2.880000 
10.791492 3.885172 2.880000 
10.631696 3.454443 2.880000 
10.724789 3.115835 2.880000 
10.908051 2.800706 2.880000 
11.146482 2.491529 2.880000 
10.873239 2.074176 2.880000 
11.114767 1.760401 2.880000 
11.021564 1.392342 2.880000 
11.116564 1.050819 2.880000 
10.978803 0.690722 2.880000 
11.042948 0.347033 2.880000 
0.000000 11.259724 2.960000 
0.350404 11.150038 2.960000 
0.696231 11.066281 2.960000 
1.064073 11.256715 2.960000 
1.383947 10.955069 2.960000 
1.752738 11.066350 2.960000 
2.141409 11.225660 2.960000 
2.418808 10.821122 2.960000 
2.825316 11.003880 2.960000 
3.095255 10.653937 2.960000 
3.508676 10.798592 2.960000 
3.783106 10.507979 2.960000 
4.004024 10.113007 2.960000 
4.417832 10.209005 2.960000 
.680255 9.946045 2.960000 
5.024409 9.860956 2.960000 
5.393617 9.810950 2.960000 
5.662524 9.574803 2.960000 
5.957098 9.386882 2.960000 
6.354209 9.349933 2.960000 
6.469600 8.904637 2.960000 
6.714365 8.656104 2.960000 
6.948820 8.399677 2.960000 
7.360544 8.348895 2.960000 
7.760740 8.264346 2.960000 
7.821265 7.821262 2.960000 
8.019028 7.530365 2.960000 
8.175733 7.207875 2.960000 
8.579227 7.097351 2.960000 
8.930805 6.927439 2.960000 
8.940032 6.495310 2.960000 
9.256319 6.290584 2.960000 
9.488866 6.021814 2.960000 
9.598408 5.676478 2.960000 
9.923394 5.455428 2.960000 
9.941547 5.065467 2.960000 
10.069019 4.738117 2.960000 
10.434366 4.515349 2.960000 
10.621511 4.205349 2.960000 
10.432639 3.755977 2.960000 
10.782167 3.503334 2.960000 
10.605704 3.081237 2.960000 
10.505420 2.697329 2.960000 
10.965626 2.451103 2.960000 
11.039303 2.105855 2.960000 
10.928895 1.730962 2.960000 
11.011143 1.391026 2.960000 
11.043130 1.043878 2.960000 
10.964305 0.689810 2.960000 
11.105784 0.349008 2.960000 
0.000000 9.313967 3.039999 
0.293284 9.332458 3.039999 
0.601192 9.555678 3.039999 
0.888736 9.401841 3.039999 
1.180042 9.340994 3.039999 
1.519777 9.595494 3.039999 
1.840299 9.647186 3.039999 
2.048767 9.165657 3.039999 
2.384946 9.288751 3.039999 
2.610036 8.983803 3.039999 
2.961359 9.114124 3.039999 
3.280798 9.112766 3.039999 
3.442074 8.693686 3.039999 
3.664615 8.468425 3.039999 
4.046855 8.600003 3.039999 
4.302683 8.444490 3.039999 
4.710841 8.568986 3.039999 
4.747067 8.026851 3.039999 
4.975712 7.840465 3.039999 
5.359585 7.886388 3.039999 
5.505716 7.577966 3.039999 
5.794335 7.470008 3.039999 
6.023966 7.281722 3.039999 
6.285494 7.129491 3.039999 
6.434873 6.852440 3.039999 
6.643398 6.643395 3.039999 
6.901394 6.480838 3.039999 
7.169136 6.320440 3.039999 
7.131092 5.899350 3.039999 
7.647420 5.931944 3.039999 
7.710012 5.601649 3.039999 
7.696597 5.230598 3.039999 
8.002096 5.078282 3.039999 
8.245669 4.876472 3.039999 
8.311103 4.569064 3.039999 
8.442985 4.301912 3.039999 
8.491965 3.996012 3.039999 
8.650098 3.743228 3.039999 
8.738523 3.459823 3.039999 
8.910818 3.208088 3.039999 
8.834668 2.870554 3.039999 
8.937823 2.596674 3.039999 
9.328871 2.395243 3.039999 
9.009862 2.013939 3.039999 
9.269879 1.768320 3.039999 
9.372491 1.484452 3.039999 
9.247065 1.168172 3.039999 
9.401842 0.888731 3.039999 
9.458773 0.595091 3.039999 
9.412261 0.295787 3.039999 
0.000000 7.900796 3.119999 
0.253238 8.058153 3.119999 
0.500320 7.952353 3.119999 
0.753784 7.974205 3.119999 
1.010453 7.998560 3.119999 
1.214691 7.669256 3.119999 
1.494483 7.834352 3.119999 
1.698545 7.598853 3.119999 
1.959944 7.633478 3.119999 
2.201498 7.577606 3.119999 
2.375051 7.309656 3.119999 
2.711918 7.532641 3.119999 
2.894447 7.310538 3.119999 
3.129954 7.232894 3.119999 
3.440920 7.312325 3.119999 
3.569030 7.004613 3.119999 
3.813991 6.937623 3.119999 
4.050333 6.848739 3.119999 
4.441561 6.998778 3.119999 
4.463240 6.567456 3.119999 
4.648332 6.397878 3.119999 
4.792996 6.179091 3.119999 
5.079043 6.139507 3.119999 
5.209414 5.908918 3.119999 
5.377360 5.726305 3.119999 
5.660164 5.660162 3.119999 
5.712986 5.364849 3.119999 
5.977887 5.270214 3.119999 
6.111561 5.055921 3.119999 
6.336983 4.915465 3.119999 
6.298341 4.576010 3.119999 
6.553040 4.453439 3.119999 
6.493303 4.120773 3.119999 
6.992925 4.135602 3.119999 
6.734122 3.702112 3.119999 
7.068396 3.601525 3.119999 
7.102216 3.342046 3.119999 
7.168063 3.101895 3.119999 
7.342530 2.907110 3.119999 
7.517160 2.706341 3.119999 
7.541226 2.450290 3.119999 
7.975678 2.317145 3.119999 
7.583808 1.947188 3.119999 
7.604711 1.699851 3.119999 
7.913022 1.509486 3.119999 
7.879917 1.248052 3.119999 
7.901506 0.998189 3.119999 
7.866961 0.743643 3.119999 
7.814344 0.491633 3.119999 
7.970428 0.250477 3.119999 
.000000 6.329007 3.199999 
0.190436 6.059786 3.199999 
0.388472 6.174578 3.199999 
0.579866 6.134337 3.199999 
0.769251 6.089246 3.199999 
0.948002 5.985446 3.199999 
1.157935 6.070107 3.199999 
1.373720 6.145672 3.199999 
1.561083 6.080015 3.199999 
1.749497 6.021808 3.199999 
1.962411 6.039680 3.199999 
2.122206 5.894654 3.199999 
2.249897 5.682591 3.199999 
2.457309 5.678506 3.199999 
2.677670 5.690337 3.199999 
2.880919 5.654121 3.199999 
2.923662 5.318120 3.199999 
3.092343 5.228866 3.199999 
3.310855 5.217072 3.199999 
3.514682 5.171695 3.199999 
3.717749 5.117041 3.199999 
3.779812 4.872902 3.199999 
3.932905 4.754064 3.199999 
4.072840 4.619729 3.199999 
4.469777 4.759827 3.199999 
4.502496 4.502494 3.199999 
4.491243 4.217556 3.199999 
4.591797 4.048212 3.199999 
4.647017 3.844345 3.199999 
4.845569 3.758606 3.199999 
4.969697 3.610694 3.199999 
5.111992 3.474104 3.199999 
5.230321 3.319261 3.199999 
5.364859 3.172766 3.199999 
5.415195 2.977026 3.199999 
5.577645 2.841950 3.199999 
5.496178 2.586303 3.199999 
5.581804 2.415460 3.199999 
5.822120 2.305138 3.199999 
5.710525 2.055913 3.199999 
5.817529 1.890227 3.199999 
6.054203 1.758906 3.199999 
6.209712 1.594380 3.199999 
6.069987 1.356800 3.199999 
6.068931 1.157708 3.199999 
6.241240 0.988512 3.199999 
6.225813 0.786500 3.199999 
6.293634 0.594921 3.199999 
6.201347 0.390153 3.199999 
6.165762 0.193764 3.199999 
0.000000 5.463818 3.279999 
0.171337 5.452038 3.279999 
0.342293 5.440592 3.279999 
0.512939 5.426324 3.279999 
0.688573 5.450618 3.279999 
0.853255 5.387237 3.279999 
1.022598 5.360644 3.279999 
1.191391 5.329975 3.279999 
1.354021 5.273562 3.279999 
1.517236 5.222361 3.279999 
1.686134 5.189387 3.279999 
1.843863 5.121525 3.279999 
2.004475 5.062725 3.279999 
2.167153 5.007993 3.279999 
2.320858 4.932074 3.279999 
2.453931 4.816110 3.279999 
2.634748 4.792587 3.279999 
2.776945 4.695557 3.279999 
2.918500 4.598819 3.279999 
3.062156 4.505825 3.279999 
3.196733 4.399923 3.279999 
3.349363 4.317971 3.279999 
3.471664 4.196519 3.279999 
3.601230 4.084792 3.279999 
3.743966 3.986918 3.279999 
3.851299 3.851298 3.279999 
3.966284 3.724587 3.279999 
4.107454 3.621206 3.279999 
4.199694 3.474287 3.279999 
4.302091 3.337042 3.279999 
4.415757 3.208233 3.279999 
4.503670 3.060689 3.279999 
4.605438 2.922698 3.279999 
4.728865 2.796641 3.279999 
4.763594 2.618806 3.279999 
4.846806 2.469569 3.279999 
4.957062 2.332614 3.279999 
4.996821 2.162316 3.279999 
5.073114 2.008586 3.279999 
5.124563 1.844954 3.279999 
5.182642 1.683940 3.279999 
5.232502 1.520180 3.279999 
5.274502 1.354260 3.279999 
5.321047 1.189393 3.279999 
5.374745 1.025285 3.279999 
5.374588 0.851249 3.279999 
5.412057 0.683699 3.279999 
5.434298 0.513690 3.279999 
5.428650 0.341539 3.279999 
5.447326 0.171186 3.279999 
0.000000 5.352030 3.359999 
0.168065 5.347923 3.359999 
0.336093 5.342051 3.359999 
0.503415 5.325572 3.359999 
0.670744 5.309489 3.359999 
0.837296 5.286481 3.359999 
1.002738 5.256537 3.359999 
1.166667 5.219368 3.359999 
1.331126 5.184393 3.359999 
1.493081 5.139219 3.359999 
1.653548 5.089097 3.359999 
1.811727 5.032264 3.359999 
1.969664 4.974803 3.359999 
2.124809 4.910142 3.359999 
2.277742 4.840448 3.359999 
2.430912 4.770932 3.359999 
2.577267 4.688030 3.359999 
2.723809 4.605709 3.359999 
2.866668 4.517144 3.359999 
3.006969 4.424619 3.359999 
3.147303 4.331890 3.359999 
3.280565 4.229277 3.359999 
3.410212 4.122237 3.359999 
3.536706 4.011604 3.359999 
3.662569 3.900238 3.359999 
3.784765 3.784764 3.359999 
3.902611 3.664795 3.359999 
4.014235 3.539022 3.359999 
4.120870 3.409078 3.359999 
4.231427 3.282229 3.359999 
4.329630 3.145658 3.359999 
4.424456 3.006855 3.359999 
4.518320 2.867411 3.359999 
4.603845 2.722704 3.359999 
4.688277 2.577400 3.359999 
4.768065 2.429449 3.359999 
4.837279 2.276249 3.359999 
4.912549 2.125848 3.359999 
4.976086 1.970170 3.359999 
5.033415 1.812139 3.359999 
5.089229 1.653588 3.359999 
5.137268 1.492512 3.359999 
5.183393 1.330867 3.359999 
5.222858 1.167445 3.359999 
5.255277 1.002495 3.359999 
5.283454 0.836814 3.359999 
5.307500 0.670491 3.359999 
5.325621 0.503417 3.359999 
5.338635 0.335876 3.359999 
5.348218 0.168072 3.359999 
0.000000 5.406214 3.439999 
0.169721 5.400594 3.439999 
0.339576 5.397402 3.439999 
0.508083 5.374952 3.439999 
0.676370 5.354019 3.439999 
0.845509 5.338333 3.439999 
1.012735 5.308942 3.439999 
1.177321 5.267029 3.439999 
1.344048 5.234722 3.439999 
1.507009 5.187158 3.439999 
1.669868 5.139325 3.439999 
1.830349 5.083989 3.439999 
1.989594 5.025138 3.439999 
2.146178 4.959522 3.439999 
2.297692 4.882842 3.439999 
2.454641 4.817503 3.439999 
2.605483 4.739355 3.439999 
2.750522 4.650878 3.439999 
2.896723 4.564504 3.439999 
3.039184 4.472022 3.439999 
3.172515 4.366590 3.439999 
3.309690 4.266826 3.439999 
3.439054 4.157101 3.439999 
3.568951 4.048179 3.439999 
3.701229 3.941407 3.439999 
3.824155 3.824154 3.439999 
3.938298 3.698307 3.439999 
4.051933 3.572258 3.439999 
4.162988 3.443922 3.439999 
4.264525 3.307903 3.439999 
4.369995 3.174985 3.439999 
4.473565 3.040230 3.439999 
4.564256 2.896563 3.439999 
4.649703 2.749824 3.439999 
4.728338 2.599424 3.439999 
4.818871 2.455335 3.439999 
4.890657 2.301367 3.439999 
4.954733 2.144102 3.439999 
5.023587 1.988977 3.439999 
5.088748 1.832060 3.439999 
5.142923 1.671035 3.439999 
5.189029 1.507550 3.439999 
5.218069 1.339770 3.439999 
5.266802 1.177267 3.439999 
5.303437 1.011682 3.439999 
5.341907 0.846072 3.439999 
5.361434 0.677304 3.439999 
5.383179 0.508858 3.439999 
5.392798 0.339283 3.439999 
5.398973 0.169667 3.439999 
0.000000 5.403249 3.519999 
0.169748 5.401478 3.519999 
0.338271 5.376664 3.519999 
0.508682 5.381293 3.519999 
0.677315 5.361503 3.519999 
0.844029 5.328990 3.519999 
1.013198 5.311370 3.519999 
1.174682 5.255226 3.519999 
1.344064 5.234784 3.519999 
1.507952 5.190405 3.519999 
1.670141 5.140166 3.519999 
1.828916 5.080010 3.519999 
1.990833 5.028269 3.519999 
2.146624 4.960554 3.519999 
2.299051 4.885731 3.519999 
2.443588 4.795809 3.519999 
2.594963 4.720220 3.519999 
2.746798 4.644581 3.519999 
2.896484 4.564128 3.519999 
3.037679 4.469808 3.519999 
3.172469 4.366528 3.519999 
3.312037 4.269850 3.519999 
3.440913 4.159348 3.519999 
3.574332 4.054283 3.519999 
3.692669 3.932292 3.519999 
3.815027 3.815026 3.519999 
3.940243 3.700133 3.519999 
4.055009 3.574969 3.519999 
4.158820 3.440473 3.519999 
4.271929 3.313646 3.519999 
4.374397 3.178184 3.519999 
4.465686 3.034875 3.519999 
4.563540 2.896109 3.519999 
4.642424 2.745520 3.519999 
4.721611 2.595726 3.519999 
4.802826 2.447160 3.519999 
4.886178 2.299259 3.519999 
4.954057 2.143810 3.519999 
5.007921 1.982774 3.519999 
5.067214 1.824307 3.519999 
5.122278 1.664327 3.519999 
5.186314 1.506761 3.519999 
5.235996 1.344373 3.519999 
5.268798 1.177714 3.519999 
5.283970 1.007969 3.519999 
5.338886 0.845594 3.519999 
5.364223 0.677656 3.519999 
5.355456 0.506237 3.519999 
5.375049 0.338167 3.519999 
5.403488 0.169809 3.519999 
0.000000 5.339310 3.599999 
0.168038 5.347048 3.599999 
0.335895 5.338896 3.599999 
0.500927 5.299259 3.599999 
0.671056 5.311955 3.599999 
0.831840 5.252032 3.599999 
1.004588 5.266237 3.599999 
1.174938 5.256372 3.599999 
1.335965 5.203240 3.599999 
1.493261 5.139836 3.599999 
1.660961 5.111911 3.599999 
1.813395 5.036896 3.599999 
1.977734 4.995184 3.599999 
2.140170 4.945640 3.599999 
2.267119 4.817872 3.599999 
2.419341 4.748224 3.599999 
2.594503 4.719383 3.599999 
2.745069 4.641657 3.599999 
2.860667 4.507689 3.599999 
3.005564 4.422553 3.599999 
3.149306 4.334647 3.599999 
3.305212 4.261052 3.599999 
3.390851 4.098834 3.599999 
3.531546 4.005752 3.599999 
3.647605 3.884304 3.599999 
3.764982 3.764980 3.599999 
3.910227 3.671946 3.599999 
4.016731 3.541223 3.599999 
4.086938 3.381008 3.599999 
4.229915 3.281057 3.599999 
4.327607 3.144189 3.599999 
4.446174 3.021615 3.599999 
4.525195 2.871774 3.599999 
4.581376 2.709416 3.599999 
4.687968 2.577230 3.599999 
4.783640 2.437385 3.599999 
4.816950 2.266683 3.599999 
4.941576 2.138409 3.599999 
4.980251 1.971819 3.599999 
5.054842 1.819853 3.599999 
5.053431 1.641957 3.599999 
5.166039 1.500871 3.599999 
5.186073 1.331555 3.599999 
5.233490 1.169821 3.599999 
5.267451 1.004818 3.599999 
5.256767 0.832588 3.599999 
5.318511 0.671882 3.599999 
5.333385 0.504151 3.599999 
5.290213 0.332829 3.599999 
5.308511 0.166824 3.599999 
0.000000 5.351322 3.679999 
0.164077 5.221012 3.679999 
0.332202 5.280198 3.679999 
0.499717 5.286452 3.679999 
0.664581 5.260704 3.679999 
0.825954 5.214869 3.679999 
0.999897 5.241643 3.679999 
1.161406 5.195830 3.679999 
1.283586 4.999235 3.679999 
1.475892 5.080053 3.679999 
1.643245 5.057387 3.679999 
1.808933 5.024503 3.679999 
1.949867 4.924800 3.679999 
2.126489 4.914024 3.679999 
2.231712 4.742629 3.679999 
2.433364 4.775745 3.679999 
2.557116 4.651376 3.679999 
2.652719 4.485502 3.679999 
2.842384 4.478880 3.679999 
2.976053 4.379128 3.679999 
3.138139 4.319277 3.679999 
3.279935 4.228465 3.679999 
3.384122 4.090699 3.679999 
3.520955 3.993738 3.679999 
3.675711 3.914234 3.679999 
3.786921 3.786919 3.679999 
3.895338 3.657965 3.679999 
3.947345 3.480051 3.679999 
4.080824 3.375950 3.679999 
4.222885 3.275604 3.679999 
4.285168 3.113355 3.679999 
4.367962 2.968462 3.679999 
4.395416 2.789414 3.679999 
4.587546 2.713065 3.679999 
4.626625 2.543507 3.679999 
4.762094 2.426406 3.679999 
4.754068 2.237092 3.679999 
4.871675 2.108160 3.679999 
4.979019 1.971331 3.679999 
5.013079 1.804817 3.679999 
5.073977 1.648633 3.679999 
5.142547 1.494046 3.679999 
5.138810 1.319420 3.679999 
5.223009 1.167478 3.679999 
5.216277 0.995056 3.679999 
5.266192 0.834080 3.679999 
5.320150 0.672089 3.679999 
5.294204 0.500447 3.679999 
5.314703 0.334370 3.679999 
5.329480 0.167483 3.679999 
.000000 5.254952 3.759999 
0.166577 5.300565 3.759999 
0.328109 5.215140 3.759999 
0.498598 5.274615 3.759999 
0.646154 5.114835 3.759999 
0.834382 5.268080 3.759999 
0.974210 5.106988 3.759999 
1.128382 5.048093 3.759999 
1.284001 5.000854 3.759999 
1.458564 5.020409 3.759999 
1.598777 4.920529 3.759999 
1.768714 4.912791 3.759999 
1.918729 4.846157 3.759999 
2.060431 4.761375 3.759999 
2.221790 4.721543 3.759999 
2.404834 4.719751 3.759999 
2.489718 4.528780 3.759999 
2.629200 4.445733 3.759999 
2.820139 4.443827 3.759999 
2.902851 4.271414 3.759999 
3.031979 4.173159 3.759999 
3.159488 4.073185 3.759999 
3.360412 4.062039 3.759999 
3.468557 3.934304 3.759999 
3.616864 3.851568 3.759999 
3.708137 3.708135 3.759999 
3.759013 3.529947 3.759999 
3.910254 3.447351 3.759999 
4.052197 3.352268 3.759999 
4.064101 3.152438 3.759999 
4.184118 3.039938 3.759999 
4.282445 2.910345 3.759999 
4.333516 2.750131 3.759999 
4.457197 2.635977 3.759999 
4.542904 2.497481 3.759999 
4.592056 2.339768 3.759999 
4.669913 2.197493 3.759999 
4.842860 2.095690 3.759999 
4.830211 1.912414 3.759999 
4.920645 1.771539 3.759999 
5.004789 1.626152 3.759999 
4.966238 1.442823 3.759999 
5.056527 1.298293 3.759999 
4.980611 1.113296 3.759999 
5.138091 0.980141 3.759999 
5.164989 0.818051 3.759999 
5.175844 0.653859 3.759999 
5.212921 0.492764 3.759999 
5.298101 0.333326 3.759999 
5.305635 0.166734 3.759999 
0.000000 5.065921 3.839999 
0.159549 5.076918 3.839999 
0.321435 5.109058 3.839999 
0.472531 4.998858 3.839999 
0.639161 5.059477 3.839999 
0.772579 4.877873 3.839999 
0.926272 4.855688 3.839999 
1.118110 5.002135 3.839999 
1.238275 4.822762 3.839999 
1.366997 4.705234 3.839999 
1.593831 4.905308 3.839999 
1.734885 4.818829 3.839999 
1.855494 4.686443 3.839999 
1.985486 4.588187 3.839999 
2.119870 4.504952 3.839999 
2.271737 4.458533 3.839999 
2.385790 4.339735 3.839999 
2.524038 4.267913 3.839999 
.786076 4.390152 3.839999 
2.763592 4.066501 3.839999 
2.955881 4.068420 3.839999 
3.131085 4.036570 3.839999 
3.315140 4.007314 3.839999 
3.348114 3.797689 3.839999 
3.324270 3.539986 3.839999 
3.479953 3.479952 3.839999 
3.668784 3.445216 3.839999 
3.921058 3.456876 3.839999 
3.909894 3.234544 3.839999 
3.973856 3.082437 3.839999 
4.125217 2.997144 3.839999 
4.179923 2.840671 3.839999 
4.287009 2.720617 3.839999 
4.398792 2.601436 3.839999 
4.521491 2.485709 3.839999 
4.464920 2.274989 3.839999 
4.549246 2.140711 3.839999 
4.695868 2.032082 3.839999 
4.603393 1.822610 3.839999 
4.746436 1.708820 3.839999 
4.807140 1.561932 3.839999 
4.765028 1.384367 3.839999 
4.826566 1.239249 3.839999 
4.822984 1.078063 3.839999 
5.033296 0.960150 3.839999 
5.057955 0.801099 3.839999 
5.095281 0.643681 3.839999 
5.025806 0.475076 3.839999 
5.042808 0.317264 3.839999 
5.064105 0.159143 3.839999 
.000000 4.606613 3.919999 
0.144734 4.605508 3.919999 
0.282560 4.491162 3.919999 
0.431354 4.563253 3.919999 
0.579401 4.586430 3.919999 
0.731222 4.616752 3.919999 
0.840719 4.407206 3.919999 
0.936741 4.190738 3.919999 
1.190885 4.638189 3.919999 
1.283405 4.417507 3.919999 
1.418245 4.364909 3.919999 
1.492893 4.146670 3.919999 
1.693217 4.276577 3.919999 
1.862713 4.304474 3.919999 
1.973951 4.194858 3.919999 
2.067511 4.057718 3.919999 
2.209024 4.018199 3.919999 
2.263448 3.827281 3.919999 
2.457289 3.872067 3.919999 
2.609390 3.839600 3.919999 
2.693820 3.707725 3.919999 
2.858786 3.685524 3.919999 
2.940085 3.553952 3.919999 
2.988414 3.389689 3.919999 
3.110371 3.312207 3.919999 
3.345997 3.345996 3.919999 
3.205826 3.010470 3.919999 
3.509557 3.094089 3.919999 
3.417952 2.827574 3.919999 
3.458186 2.682442 3.919999 
3.574214 2.596817 3.919999 
3.654018 2.483267 3.919999 
3.747622 2.378312 3.919999 
3.864620 2.285528 3.919999 
3.703667 2.036107 3.919999 
4.146945 2.112972 3.919999 
3.946941 1.857288 3.919999 
4.040411 1.748440 3.919999 
4.046719 1.602208 3.919999 
4.547512 1.637203 3.919999 
4.065340 1.320907 3.919999 
4.416943 1.283239 3.919999 
4.480997 1.150522 3.919999 
4.652243 1.039897 3.919999 
4.410970 0.841436 3.919999 
4.148306 0.657025 3.919999 
4.641276 0.586327 3.919999 
4.452693 0.420901 3.919999 
4.435748 0.279071 3.919999 
4.320663 0.135780 3.919999 
0.000000 2.380373 3.999999 
0.109524 3.485121 3.999999 
0.212917 3.384214 3.999999 
0.261132 2.762491 3.999999 
0.415180 3.286489 3.999999 
0.469489 2.964239 3.999999 
0.566805 2.971295 3.999999 
0.617584 2.762911 3.999999 
0.749610 2.919537 3.999999 
0.891189 3.067491 3.999999 
0.958915 2.951238 3.999999 
1.103562 3.065260 3.999999 
1.002341 2.531623 3.999999 
1.312142 3.032181 3.999999 
1.310879 2.785758 3.999999 
1.276811 2.505883 3.999999 
1.525271 2.774457 3.999999 
1.708217 2.888436 3.999999 
1.594063 2.511840 3.999999 
1.855238 2.729899 3.999999 
1.809659 2.490781 3.999999 
1.898379 2.447374 3.999999 
2.298229 2.778081 3.999999 
2.061276 2.338058 3.999999 
2.081957 2.217058 3.999999 
1.930739 1.930739 3.999999 
2.467226 2.316879 3.999999 
2.167101 1.910556 3.999999 
2.364160 1.955802 3.999999 
2.755957 2.137738 3.999999 
2.777347 2.017860 3.999999 
3.331148 2.263844 3.999999 
2.666497 1.692209 3.999999 
3.274883 1.936759 3.999999 
3.325284 1.828089 3.999999 
2.942837 1.499449 3.999999 
3.487591 1.641134 3.999999 
3.070895 1.328894 3.999999 
3.236253 1.281322 3.999999 
3.107563 1.118790 3.999999 
3.396044 1.103440 3.999999 
2.841866 0.825637 3.999999 
2.987678 0.767104 3.999999 
3.141468 0.702200 3.999999 
3.217464 0.613763 3.999999 
3.649148 0.577967 3.999999 
3.234364 0.408594 3.999999 
3.146376 0.297419 3.999999 
3.356604 0.211178 3.999999 
2.983046 0.093744 3.999999 
-0.000000 -0.791380 4.079998 
0.014699 0.467734 4.079998 
-0.029012 -0.461138 4.079998 
-0.114795 -1.214405 4.079998 
-0.031036 -0.245673 4.079998 
-0.264964 -1.672918 4.079998 
0.094791 0.496913 4.079998 
-0.080016 -0.357971 4.079998 
-0.152260 -0.593014 4.079998 
-0.226332 -0.779041 4.079998 
-0.208650 -0.642159 4.079998 
-0.690756 -1.918647 4.079998 
-0.897934 -2.267922 4.079998 
-0.041100 -0.094977 4.079998 
0.141290 0.300257 4.079998 
0.132161 0.259381 4.079998 
-0.415380 -0.755573 4.079998 
-0.793880 -1.342377 4.079998 
-1.040885 -1.640172 4.079998 
0.073083 0.107539 4.079998 
-0.957415 -1.317768 4.079998 
0.231756 0.298777 4.079998 
-0.338091 -0.408682 4.079998 
-1.491405 -1.691666 4.079998 
0.013782 0.014676 4.079998 
-0.115192 -0.115192 4.079998 
-0.552817 -0.519129 4.079998 
-0.754240 -0.664951 4.079998 
-0.420256 -0.347666 4.079998 
-0.637523 -0.494514 4.079998 
-0.451690 -0.328172 4.079998 
0.084520 0.057440 4.079998 
-0.938963 -0.595884 4.079998 
0.573864 0.339382 4.079998 
-0.446027 -0.245206 4.079998 
-0.578354 -0.294686 4.079998 
-0.117692 -0.055382 4.079998 
-0.469089 -0.202993 4.079998 
0.083898 0.033217 4.079998 
-1.462878 -0.526668 4.079998 
-0.939148 -0.305147 4.079998 
0.245864 0.071430 4.079998 
-0.459909 -0.118084 4.079998 
-0.013794 -0.003083 4.079998 
-1.309762 -0.249850 4.079998 
0.001985 0.000314 4.079998 
0.403704 0.051000 4.079998 
0.731564 0.069153 4.079998 
-1.155503 -0.072697 4.079998 
-0.740423 -0.023268 4.079998 
