21787.85
17231.15
27085.72
24910.47
20785.13
32191.43
32773.52
29523.34
32879.04
32823.61
32782.76
28748.10
30499.73
30819.80
27521.37
30582.69
32879.04
32638.69
30518.57
31788.27
30744.63
21487.71
27852.19
26743.19
32319.82
32647.22
30475.88
20567.11
16521.17
32599.94
32820.98
32879.04
32222.03
32081.55
32803.18
32346.59
29100.21
28100.54
22669.48
29333.28
28227.95
26484.62
26404.70
14497.30
28151.70
32532.38
21749.75
20497.66
20925.48
13609.82
14062.00
18902.16
32625.54
32703.76
25333.62
28888.36
28051.83
30651.94
24570.26
32879.04
32313.29
30497.22
32863.20
32879.04
32846.70
32458.37
26796.14
30006.40
31249.19
27813.21
31023.84
30707.40
28430.58
29405.53
31087.39
32802.53
29300.87
26135.85
26826.11
26514.92
25931.33
24337.80
25703.23
23528.61
21933.67
31676.10
32879.04
32879.04
32512.07
31006.07
32426.31
32461.64
32873.75
32767.60
32879.04
31620.12
31414.74
29543.62
32445.28
27442.88
27276.45
29860.06
29029.68
23881.01
22878.77
25028.61
30094.68
15561.64
31492.94
29678.44
32722.84
32818.34
25973.62
23419.98
28823.61
32447.24
21224.81
24210.01
26670.79
24266.57
20316.60
21548.90
22674.64
28023.33
31037.82
29820.46
28613.10
31874.19
32201.19
32024.44
30578.91
32142.63
31949.91
30970.53
29396.95
31512.83
28659.46
30415.05
31768.91
31173.95
32618.32
32879.04
32879.04
32879.04
32879.04
32871.78
32864.52
31741.18
26791.54
21949.80
32647.22
32879.04
32770.89
32643.94
32530.41
31894.90
32266.33
30697.31
32295.68
30051.15
25665.72
24628.47
25739.66
21831.53
17834.90
17302.05
25207.34
31445.49
28981.71
21819.98
18585.85
24839.22
31741.18
28090.44
26042.50
21361.19
23380.52
24373.47
22611.83
20062.89
30348.68
32879.04
32879.04
32879.04
32879.04
32879.04
32879.04
32879.04
32879.04
32879.04
32879.04
22721.55
29549.76
30381.85
28190.40
29454.58
30444.52
28899.87
25665.16
22371.99
28609.50
26620.86
21878.79
19015.57
27185.63
28801.85
28485.73
29529.47
32879.04
32879.04
32772.87
25688.67
21102.78
23812.81
18503.83
23324.82
25128.90
28290.62
32879.04
32879.04
32879.04
32879.04
30132.65
30213.70
31053.06
29069.19
32879.04
32879.04
32879.04
32879.04
32879.04
32879.04
32879.04
32879.04
32879.04
32879.04
32879.04
32152.39
28837.52
31180.32
32879.04
32158.25
28509.74
32879.04
32791.32
32038.06
29988.39
31885.83
27246.73
32843.40
30521.09
32853.96
32753.78
32024.44
32082.20
32839.45
32879.04
32879.04
32816.37
32879.04
32879.04
32879.04
31599.53
32474.08
32877.71
32679.43
32274.16
24464.41
22618.51
17384.79
27766.58
30631.15
28642.00
30171.29
26664.47
22938.95
21738.22
18221.37
19366.39
21370.11
32704.42
32879.04
32879.04
32340.71
32848.68
32578.29
32606.50
32879.04
32023.14
32879.04
32781.43
30249.27
31695.42
32852.64
32263.73
29352.26
30121.45
32580.91
32791.32
32879.04
32879.04
32863.20
32879.04
32879.04
32214.21
30173.79
32313.29
15729.80
27131.01
32468.18
32879.04
32879.04
32879.04
31594.39
32879.04
32737.97
26302.74
20198.06
17739.36
13980.48
15017.70
15367.22
32879.04
27763.63
32790.66
32672.85
27389.08
27122.88
32259.16
29435.56
32879.04
32879.04
32879.04
32879.04
32879.04
32229.85
30945.16
26628.89
27904.81
24329.16
19469.54
16415.42
15186.27
25426.94
25870.53
27817.92
29064.93
32856.59
32030.27
22877.21
27979.44
2840.77
28091.03
21316.16
20057.67
26988.97
32879.04
32436.12
32879.04
32797.91
31290.04
23889.02
20992.46
17855.10
32879.04
29561.45
26762.17
24718.41
31444.86
32640.00
28080.34
32772.21
32251.35
31825.07
32868.48
31863.20
31612.40
30365.57
32193.38
31716.69
29990.88
32879.04
32879.04
32879.04
32879.04
32879.04
32879.04
32879.04
32879.04
32879.04
32879.04
32879.04
32879.04
32879.04
32879.04
32879.04
32879.04
32879.04
32879.04
32879.04
32879.04
32879.04
26059.46
21385.96
32879.04
32879.04
32879.04
32879.04
32879.04
32879.04
32879.04
32879.04
32879.04
32879.04
32879.04
32879.04
32879.04
32878.38
32879.04
32879.04
32879.04
32879.04
32879.04
32879.04
32879.04
32879.04
32879.04
32879.04
32879.04
32879.04
32879.04
32879.04
32879.04
32879.04
32879.04
32879.04
32879.04
32879.04
32879.04
32879.04
32879.04
32879.04
32879.04
32879.04
32879.04
32879.04
32879.04
32879.04
32879.04
32879.04
32879.04
32879.04
32879.04
32879.04
32879.04
32879.04
32879.04
32879.04
32879.04
32879.04
32879.04
32879.04
32879.04
32879.04
32879.04
32879.04
32879.04
32879.04
32879.04
32879.04
32783.41
32879.04
32879.04
32876.39
32879.04
32879.04
2879.04
32879.04
32879.04
32879.04
32879.04
32879.04
32879.04
32879.04
32879.04
32879.04
32879.04
32879.04
32879.04
32788.68
32879.04
29550.99
32259.16
32330.91
32631.46
32879.04
32848.02
32879.04
32879.04
32879.04
32879.04
31533.37
32854.62
32879.04
32424.35
32543.53
31783.76
32776.82
26075.29
32590.10
32879.04
32879.04
32879.04
32759.04
32811.09
32660.37
32557.29
32716.26
32879.04
32399.50
32879.04
32879.04
32879.04
32565.82
29258.10
32504.86
32469.50
32879.04
32879.04
32879.04
32720.21
32879.04
32879.04
32879.04
32879.04
32879.04
32879.04
32879.04
30110.24
28166.59
26087.16
32224.63
20352.53
32770.89
28296.58
29762.36
26362.52
30794.52
29504.91
19146.92
19173.63
16199.54
20389.95
23549.74
32717.57
32670.23
31067.04
17445.28
32487.83
30162.56
29570.67
29573.13
29463.78
27601.19
26843.41
28897.45
26338.59
17603.66
15797.33
28461.75
32879.04
32242.22
32879.04
32879.04
32616.35
32879.04
32242.22
32657.74
32699.81
28809.71
32879.04
32879.04
30249.27
32763.66
32620.95
30860.92
30631.15
25503.21
22108.51
25310.88
23824.53
23149.37
32879.04
32784.73
32738.63
32879.04
32255.90
32087.40
24898.41
32455.10
31456.40
31462.80
29895.99
32879.04
18694.36
32879.04
32879.04
32879.04
32879.04
32821.64
32879.04
30458.31
26894.75
32326.35
32879.04
30249.27
32237.66
30892.57
29725.31
31325.19
30282.39
32857.91
32099.74
31690.28
32879.04
32879.04
32879.04
32517.96
31979.70
22561.47
18663.57
28039.35
28391.65
23679.44
12740.38
23043.47
23079.96
32879.04
32879.04
32879.04
32879.04
32879.04
32879.04
32879.04
32879.04
32879.04
22401.62
31086.76
31897.47
29068.59
32014.71
32879.04
29202.56
32407.35
32879.04
20976.32
32445.28
32879.04
32879.04
32879.04
32879.04
32879.04
32879.04
32638.03
32879.04
32879.04
25236.11
23084.65
26327.21
26636.92
21262.31
21564.85
13105.15
31724.42
27311.43
22810.42
15958.63
18473.70
20126.12
32328.30
32115.99
32677.46
32228.54
32879.04
32196.64
32647.22
31180.32
32722.18
32414.54
31748.27
30524.23
32862.54
30526.11
24742.43
24037.63
30834.99
32763.00
32879.04
32879.04
32879.04
32879.04
32879.04
32809.77
32765.63
32879.04
32794.62
32748.51
31467.29
31757.30
32088.05
32830.87
32848.02
32855.29
32879.04
32879.04
11623.68
32879.04
19585.68
15808.27
15203.24
13987.94
13912.66
12343.94
29819.85
30249.27
32879.04
32859.24
32788.02
32879.04
32879.04
32689.29
32879.04
32879.04
32879.04
32879.04
32879.04
32879.04
32807.80
31812.16
31139.56
29239.17
30973.70
24483.94
32451.83
32879.04
32613.07
30226.80
32774.85
32879.04
31728.93
32581.56
32121.83
32720.86
30083.49
31654.86
32879.04
32826.26
32879.04
32879.04
32879.04
32879.04
32879.04
32879.04
32879.04
32879.04
32879.04
32879.04
32879.04
32879.04
27587.67
25648.93
26705.25
27698.81
29775.34
27930.86
29383.48
32879.04
32879.04
32879.04
32879.04
32879.04
32879.04
32879.04
32879.04
16967.35
21891.37
32879.04
32879.04
32879.04
32879.04
32879.04
32879.04
32879.04
32879.04
32879.04
32879.04
32879.04
32879.04
32879.04
32879.04
32879.04
32879.04
32879.04
32536.97
32879.04
30094.68
27626.46
32879.04
32879.04
32730.73
32823.61
32855.29
32879.04
32879.04
32879.04
32686.66
32879.04
32811.75
32181.66
32879.04
32605.20
32687.97
32616.35
29649.47
31846.40
32879.04
32879.04
32879.04
32879.04
32739.96
30249.27
30852.69
32879.04
31127.46
32288.50
32815.71
32309.38
32879.04
32879.04
32879.04
32837.47
32732.70
31589.89
31423.07
32879.04
30249.27
31736.02
32566.48
32879.04
31333.49
26831.29
32879.04
32879.04
30249.27
32879.04
32879.04
32879.04
32814.39
30249.27
32879.04
32879.04
32879.04
29451.50
24034.42
31127.46
31480.11
31737.31
30738.95
25322.53
25441.96
32879.04
25553.39
27700.57
32879.04
32879.04
32879.04
32879.04
32584.20
32879.04
32879.04
32879.04
32879.04
32879.04
32610.44
32879.04
32879.04
32879.04
32879.04
32879.04
32879.04
32879.04
29519.65
26517.21
21872.76
24064.43
26654.14
32510.75
24969.22
31956.38
25824.98
29033.33
31258.12
29167.19
32879.04
32059.48
32819.66
32879.04
32842.08
32687.32
18747.87
30486.55
32879.04
32709.67
32879.04
32249.38
32188.17
32151.74
32879.04
32420.43
32828.23
32496.34
32809.11
32879.04
30229.29
32006.93
30672.10
32879.04
32879.04
32879.04
32551.39
25812.06
22142.99
23624.85
32879.04
32879.04
32879.04
32513.38
22560.44
22172.92
32879.04
32879.04
32879.04
32879.04
32702.45
30573.89
29404.92
32879.04
32879.04
31794.73
32879.04
32879.04
32879.04
32879.04
32879.04
32879.04
32879.04
32879.04
32879.04
32879.04
32879.04
32879.04
32879.04
30249.27
32879.04
32879.04
32879.04
32566.48
32879.04
32879.04
32879.04
32879.04
32879.04
32879.04
32879.04
32879.04
32879.04
32879.04
32879.04
32879.04
32830.21
32879.04
32879.04
29595.28
31769.56
32737.31
30195.61
32835.49
32879.04
32879.04
32289.80
32879.04
32879.04
32879.04
32879.04
32879.04
32879.04
32879.04
32879.04
32879.04
32879.04
32879.04
32879.04
32879.04
32879.04
19386.81
20230.04
23625.91
28803.66
30776.83
32492.42
32029.63
32536.31
31546.21
32879.04
32879.04
32879.04
32879.04
32879.04
32879.04
32879.04
32879.04
32879.04
32879.04
32348.54
32879.04
32879.04
32879.04
32879.04
32879.04
32879.04
28138.01
10101.86
32879.04
32828.23
32879.04
32879.04
32879.04
32134.84
32879.04
32879.04
32879.04
32879.04
32879.04
32607.16
31380.18
32851.32
32184.26
28432.38
30962.92
32879.04
32879.04
32257.21
32879.04
32879.04
32879.04
30249.27
32879.04
32879.04
32879.04
32323.74
32669.57
32150.44
31378.90
9814.34
12509.20
23856.49
29793.88
32879.04
32879.04
32879.04
31567.40
32879.04
32879.04
32879.04
30260.51
31823.79
29426.98
30732.63
32670.23
32237.66
32879.04
32851.32
32714.29
32872.44
32424.35
31095.65
30611.63
31441.01
30191.25
32879.04
32879.04
32879.04
30954.67
32879.04
32879.04
32879.04
32879.04
30218.69
32877.71
32767.60
30249.27
32797.91
17613.67
20303.19
30008.88
31964.80
32818.34
32879.04
32879.04
32879.04
32542.21
32837.47
30249.27
32801.86
32012.12
32739.96
32602.56
32879.04
32879.04
32773.52
32657.07
27740.63
23458.97
28482.14
29882.36
32308.72
32879.04
26542.38
32879.04
32647.88
16238.68
27774.85
32865.17
31991.37
32820.98
32700.47
30096.55
29256.88
30772.41
32879.04
32879.04
32879.04
32879.04
32879.04
32879.04
29891.04
32879.04
32879.04
32879.04
32879.04
32879.04
32879.04
32879.04
32879.04
32879.04
31854.81
32879.04
30249.27
32879.04
32879.04
32879.04
32879.04
32879.04
32879.04
32879.04
32879.04
32879.04
32879.04
32879.04
32879.04
32879.04
32879.04
32879.04
32879.04
32879.04
32879.04
32879.04
32879.04
32879.04
32879.04
32879.04
32879.04
32879.04
32879.04
32222.68
31288.13
32879.04
32879.04
31984.24
30922.34
32879.04
32879.04
32857.91
32879.04
30120.20
32879.04
32879.04
32879.04
24040.85
32879.04
32879.04
32879.04
32879.04
32879.04
32879.04
32879.04
32826.26
25116.77
30249.27
30249.27
20542.50
32554.01
32879.04
32879.04
32291.77
26290.79
32442.01
32736.66
32879.04
30981.31
32073.76
32879.04
29723.46
31687.05
32879.04
32879.04
32879.04
32447.24
32782.09
28125.51
25080.93
32879.04
32879.04
32253.30
3